0.00674818648019
0.00513492938478
0.00432788728973
0.00373624003963
0.0033786464066
0.00330958156492
0.00300367287987
0.00283412438298
0.00279523842524
0.00263644577761
0.00254551672959
0.00245765228095
0.00245359059267
0.00239567652779
0.00234354903717
0.00225829889098
0.00221682890621
0.00218633390294
0.00212768110949
0.00207941395572
0.00201942382828
0.00194823220117
0.00193905364339
0.0019338334243
0.00191521284534
0.00187947654197
0.00183224315304
0.00181048959866
0.00176860157113
0.00176619003867
0.00175093745709
0.00173340754074
0.00172237725401
0.00169538492696
0.00164919378413
0.00163513940838
0.00161109573245
0.00159786562323
0.00157511603335
0.00156103560169
0.00155785608692
0.00154845842558
0.0015272191387
0.00152446280169
0.0015124577488
0.00149553737466
0.00147976697072
0.00146743110665
0.00145937719778
0.00144720417713
0.00144477647529
0.00142864653791
0.00142002908218
0.00140457921691
0.00138900792209
0.0013845843108
0.00137113897117
0.00135855288758
0.00135285786773
0.00133585766875
0.00132694795552
0.00132095874365
0.0013125450615
0.00128945819631
0.0012842880064
0.00127802157187
0.00127008353266
0.00125845633271
0.00124754545195
0.00123736381327
0.00122775694624
0.00122244811198
0.00121212591111
0.00120957378987
0.00119828220517
0.00118809683364
0.00118590983808
0.00117822515023
0.0011715924268
0.0011641055535
0.0011606256962
0.00115563846025
0.00115319222229
0.00114855935467
0.00113676728661
0.00112999771131
0.0011197650917
0.00111534287997
0.00110898394623
0.00110666959852
0.00109862973347
0.00109098747291
0.00108726305423
0.00108333640101
0.00107577688845
0.00107431001158
0.00106733983245
0.00106160099925
0.00105620489281
0.00105527305677
0.00104965640445
0.00104671089277
0.00103756960914
0.0010368871265
0.00102716253822
0.001022951013
0.00101806353955
0.00101596074505
0.00101190691139
0.00100698898563
0.00100437074472
0.000998081310869
0.000987380981933
0.0009816404347
0.000978091266752
0.000976035785765
0.000972987838217
0.000966870436981
0.000966109543397
0.000958649498021
0.00095486030887
0.000952762008995
0.00094786590767
0.000945692819925
0.000939853687023
0.00093302063077
0.000930656436657
0.000928433193646
0.00092600242948
0.000923417524256
0.000922470277288
0.000917333064164
0.000909323455883
0.000905964664874
0.00090335140274
0.000898720827104
0.000896063360627
0.000892020209659
0.00088912923626
0.000886194355616
0.000881756125126
0.00088066601479
0.000876209375222
0.000872480505701
0.00086880681032
0.000865764114346
0.000863678703861
0.000858580160226
0.000856922287149
0.000853094542812
0.000851220203731
0.000848425074182
0.000842148037958
0.000841417022071
0.000840903655539
0.000837427450106
0.000835885230588
0.000829993095067
0.000825323674226
0.000818671690663
0.000817077430596
0.000814522410922
0.000813602243687
0.000812309025625
0.000808814463278
0.000803495921985
0.000801107213463
0.000798084651782
0.000794987116108
0.000793298079434
0.000790678469284
0.000785548243822
0.000784454772471
0.000780520338709
0.000777443865728
0.000773393861182
0.000769597329421
0.000767947323741
0.000765021743033
0.00076493440568
0.000761592883717
0.000757446533592
0.000755039420176
0.000752087654853
0.000750716265608
0.000749881861897
0.000746617576266
0.000743385861749
0.00074118434153
0.000739105438564
0.000736977912195
0.000735561828917
0.000733917523907
0.00073176483074
0.0007283499549
0.000727933254534
0.000724774672282
0.000719303194664
0.000717262393114
0.000713209654231
0.000711719070071
0.000710268878095
0.000707919567859
0.000706586061494
0.000704499962411
0.000701385919906
0.000701115071561
0.000697968457842
0.000696139492284
0.000694656898251
0.000689740919943
0.000687726200657
0.00068485174786
0.000683354834808
0.000681459711419
0.000677809685258
0.000677200305167
0.000674491761264
0.000673618306756
0.000672344051559
0.000669172140667
0.000667317421665
0.000665475340973
0.000663823416921
0.000661665579347
0.000660917146808
0.000658310178459
0.000657479066729
0.000656430941909
0.000652722771831
0.000652240635503
0.000648928952417
0.000648367901199
0.000645741232774
0.000643661119054
0.000641233930186
0.000640485962971
0.00063821982883
0.000637233670237
0.000635367038115
0.00063354241726
0.000632917219485
0.000630814216573
0.000629024495742
0.000626996492786
0.000625787137282
0.000623616354642
0.000622168727475
0.000621384125165
0.000620328285053
0.000617871289438
0.000616612895729
0.000615084124376
0.000614299231212
0.000612446635471
0.000609594087455
0.000607981956642
0.000607237911216
0.000605778985181
0.000603922560717
0.000603027023082
0.000601416542065
0.000598372619079
0.000597835979685
0.000595824571486
0.000594894185355
0.000592170465957
0.00059167185534
0.000590771202164
0.000588907435028
0.000586490880289
0.000584557859628
0.000583319926606
0.000582249719399
0.000581198378766
0.000580730846131
0.000579840352894
0.000578122323695
0.000576577598563
0.000574382274232
0.000573708163504
0.000572883701424
0.000570193209176
0.000569632121873
0.000569105334763
0.000567704844447
0.00056680306389
0.00056479474766
0.000563786787757
0.000562053767313
0.000560910016351
0.000559724898123
0.000558860443508
0.000558238501467
0.000555984294265
0.000555125800098
0.000553779010363
0.000553472822848
0.000551268585686
0.000549597911828
0.000549036913461
0.000546671886915
0.000545617909443
0.000544827488557
0.000543458591153
0.000542195594206
0.000541394453573
0.000539413140476
0.000538590073658
0.000538114934043
0.000536521890513
0.000535640896847
0.000533809611188
0.000532226368995
0.000530795125675
0.000529610062984
0.000528766819325
0.000528063745117
0.00052703282943
0.000525805540758
0.000524769078916
0.000523404552915
0.000522991383547
0.000521198750754
0.000520666296882
0.000520039793842
0.000518691837094
0.000518018215901
0.000517391642576
0.000516624865163
0.000515119959001
0.000513102103482
0.000512021326375
0.000511693532045
0.000510432528384
0.000508875705925
0.000508254100367
0.000505825073967
0.000504889330646
0.000504024000136
0.000502793260721
0.000501337213199
0.00050092743415
0.000499757239044
0.000499504176736
0.000499105252212
0.000495693891786
0.000494116933683
0.000493622059255
0.000493377283091
0.000492327385524
0.000491976279979
0.000491537128765
0.000490424083231
0.000488844709977
0.000487640895337
0.000486384558962
0.000485810259693
0.000484962211541
0.000484032638896
0.000482477390352
0.000482172393905
0.000481370863334
0.000481161892712
0.000479430575206
0.000478873320768
0.000478252896265
0.000477039950771
0.00047634840171
0.000475183082602
0.00047413529783
0.000473855560904
0.000473709952778
0.000472098611469
0.000471224689484
0.000470690871559
0.000470200969203
0.00046821428917
0.000466827385191
0.000465713907969
0.000465602609607
0.000463219010406
0.000462621327058
0.000462151149118
0.000460907667661
0.000460215572009
0.00045957135382
0.00045884702607
0.00045762794734
0.000457064120577
0.000456589320586
0.000455464445374
0.000454078824906
0.000453754342284
0.000452457161152
0.000451694922453
0.000450990209865
0.00045049048554
0.000449074210204
0.000448502752228
0.000448239183092
0.000447380317113
0.000445973658646
0.000444935225815
0.000444239858609
0.00044398622844
0.000443301716742
0.000442316475073
0.000441953071422
0.000441097754295
0.000440811630966
0.000440299849862
0.000439508647377
0.000438767551352
0.000438179542524
0.000436577597913
0.000435978893385
0.000435208661602
0.000434629807494
0.000433857539669
0.000433516344245
0.000431816741867
0.000430584541591
0.000430161877442
0.000429887877158
0.00042904981427
0.00042886243887
0.00042761713015
0.000426714257033
0.000426100537372
0.000425845895384
0.000425116025723
0.000423679054226
0.000423024050726
0.000422674941598
0.00042151705781
0.000421244603646
0.000420849324442
0.000420019207991
0.000419219804884
0.00041909565474
0.000418029865946
0.000417615783002
0.00041596195467
0.000415613811242
0.000414503153087
0.000413582529157
0.000413315771816
0.000411973162385
0.000411686553251
0.000410724130551
0.000410692131624
0.000410327804761
0.000409454087536
0.000408597335401
0.000408276405705
0.000407338551001
0.000406288707174
0.000405330039903
0.000404831353036
0.00040427846341
0.00040329102811
0.000402467304934
0.000401643886684
0.000401066468775
0.000400697124216
0.000400302716302
0.000399649233838
0.000399035961533
0.000397977632534
0.000397826456517
0.000396403193535
0.000395644206507
0.000395088501868
0.000394850968218
0.000394115409545
0.000393447379176
0.000392533988177
0.000392063954079
0.000391452185039
0.000390852860808
0.000390237011774
0.000389197150459
0.000388582712541
0.00038850479434
0.000387810739982
0.000387103480917
0.000385438519138
0.000385174382908
0.000384355969087
0.000383732419292
0.000382855694998
0.000382477364878
0.000381776844705
0.000381405182716
0.000380767924183
0.000379941818271
0.000379466463026
0.000378965503531
0.000378609500334
0.000377643830176
0.000376753036427
0.000376284364125
0.000375982918763
0.000374736297614
0.000374583638712
0.0003738468748
0.00037335294731
0.000372184327315
0.00037161417435
0.000371047760965
0.000370073193662
0.000369607625866
0.000369281580577
0.000368737647249
0.000368297349533
0.000367712160979
0.000367569539277
0.000366799470296
0.000366386899266
0.000365436033222
0.00036500908931
0.000363890692006
0.000363374001731
0.000363228530743
0.000362602414273
0.000362229914051
0.000361526002343
0.000361220773742
0.000360803160332
0.000359996291803
0.000359570502378
0.000358526704538
0.000358135324422
0.000357717202525
0.000357347229621
0.000356403431742
0.000355999341196
0.000355821561135
0.00035497218695
0.000354477079223
0.000354169502939
0.000353304548621
0.000352956870122
0.000351776319933
0.00035149688664
0.000351114704313
0.000350754062598
0.000349953248008
0.000349725947526
0.000349096718542
0.000348202895731
0.000347786626907
0.000347284361427
0.000346835438022
0.000346634291207
0.000345841375782
0.000345164022645
0.000344876493106
0.000344610259487
0.000344441488315
0.000343195473404
0.000342572841582
0.000342208865201
0.000342124764697
0.000341554511981
0.000340527537122
0.000339826748348
0.00033970014279
0.00033868311443
0.000338576051368
0.00033783765589
0.000337551188406
0.000336896645963
0.000336580894542
0.000336467615247
0.000335945415142
0.000334772767439
0.000334463251643
0.000333546283747
0.000333329883461
0.000332772685626
0.000332010795426
0.000331943815031
0.00033154498415
0.000330415200199
0.000330087935238
0.000329782837747
0.000329216764518
0.000328359161222
0.000327905543587
0.00032709833498
0.00032642604035
0.000326359080297
0.000325936102295
0.000325081205377
0.0003240226482
0.000323609778127
0.000323256969703
0.00032242379202
0.000322112384922
0.000321902886741
0.000321733938274
0.000320594161096
0.000320377923049
0.000319872364852
0.000319296753733
0.000318658593293
0.000318150453665
0.000317541044655
0.000317473397026
0.000317009092653
0.000316915963973
0.000316635418418
0.000315753773274
0.000315409131977
0.000315285252695
0.000314121563216
0.000313706791996
0.000313438162219
0.000313044148462
0.000312629900545
0.000312038024855
0.000311829290797
0.000311085984499
0.000310473069639
0.000310029716643
0.000309495602036
0.00030947504882
0.000308844467171
0.000308794670843
0.000308343535098
0.000307379268741
0.000306903593595
0.000306523169158
0.000306230199682
0.000305663717565
0.000305322330259
0.00030503805133
0.000304790994851
0.000304233873295
0.000303873696511
0.000303729414383
0.000303420894648
0.000303133992515
0.000302574500819
0.000302219560313
0.000301606754521
0.000301364829989
0.000300593443839
0.000300526327634
0.00029974120611
0.000299438296951
0.000298954547414
0.000298778274262
0.000298309089654
0.000298089526687
0.000297777291689
0.000297627163286
0.000296859386787
0.000296256931205
0.000296084037087
0.000295624732981
0.000295190087232
0.00029479865631
0.000294512483976
0.000293536653593
0.000293209309297
0.000292886710444
0.000292670614482
0.000292578629904
0.000291570565678
0.000291394139339
0.000291085298048
0.000290622857597
0.000290452385919
0.000290192038927
0.000289838126796
0.000289816961474
0.000289041638039
0.000288854602149
0.000288452668471
0.000287615053094
0.000287303478565
0.000286945661008
0.000286582336241
0.000286436082616
0.000286085867558
0.000285865465334
0.000285618031761
0.000285003006956
0.000284607831474
0.000284313318963
0.000284176208629
0.00028391025348
0.000283743076832
0.000283536446652
0.000283103872651
0.000282589118702
0.000282018217072
0.000281915445665
0.000280907820654
0.00028060463822
0.000280374121618
0.00028020419764
0.000279707791899
0.000279240947549
0.000279084285228
0.000278605683215
0.000278236729781
0.000277884919918
0.000277684035211
0.000277338217201
0.000277019771978
0.000276509654352
0.00027595498169
0.00027557463305
0.000275143363759
0.000275020707119
0.000274712762597
0.000274538684842
0.000274190417744
0.000274005568707
0.000273710474538
0.000273444511028
0.00027278610166
0.000272623523727
0.000272152144361
0.000271944551555
0.000271538237311
0.000271397270768
0.000270979695057
0.000270333394659
0.000270158423253
0.000269837575708
0.000269628039319
0.000269329262604
0.000269056953503
0.000268619673613
0.000268230826691
0.000268072365901
0.000267546243005
0.000267450528364
0.000266868428387
0.000266747600794
0.000266612899424
0.000266225748841
0.000265927213551
0.000265676285326
0.000264981473272
0.000264891592501
0.000264694156237
0.000264473673072
0.000264276040376
0.000263949201615
0.000263646957607
0.000263436764801
0.000263175425719
0.000262842980134
0.000262649603956
0.000262295562794
0.000262177354039
0.000261924626421
0.000261395524685
0.000260892414391
0.000260694516524
0.000260142350711
0.000259801766626
0.000259656599996
0.000259421846713
0.000259301443074
0.000258918786147
0.000258630097727
0.000258372469501
0.000258091604808
0.000257807260597
0.000257531411178
0.000257253185828
0.000257133597364
0.000256802524529
0.000256341933537
0.000256029397568
0.000255852215091
0.000255150894754
0.000255069961984
0.000254483695367
0.00025443910291
0.000254247375668
0.000254057956741
0.000253558919972
0.000253390788628
0.000253137823439
0.000252698100096
0.000252524357957
0.000252325074032
0.000252127054296
0.000251922275211
0.000251682891328
0.000251312273065
0.000251271841479
0.0002509323433
0.000250562961393
0.000250120919034
0.000250041454518
0.000249757895063
0.000249643751351
0.000249520299722
0.000249232484448
0.000249119568386
0.00024853145983
0.000248296023601
0.00024805718472
0.000247516942575
0.000247401189602
0.000246848623265
0.000246587322429
0.000246416175391
0.0002460355726
0.000245786879111
0.000245468355744
0.00024516022304
0.00024505985895
0.000244770569184
0.000244600148806
0.000244205860361
0.000243912450427
0.000243559169773
0.000243283330204
0.000243023339927
0.000242876752611
0.000242656843097
0.000242387216068
0.00024206198883
0.000241872616411
0.000241664156386
0.000241432433875
0.0002410090137
0.000240867885328
0.000240656805508
0.000240410256976
0.000239882152984
0.000239615922318
0.000239578378668
0.000239251375204
0.000238798846368
0.000238586421666
0.000238527610698
0.000238410936515
0.000238207577403
0.000237860260242
0.000237772328628
0.000237641038985
0.000237296395066
0.000237046321731
0.000236749776417
0.000236659174359
0.000236256967309
0.000236017808807
0.000235849541381
0.000235571018235
0.00023533614096
0.000234944232328
0.000234697245197
0.000234326118109
0.000234236220087
0.000233994020912
0.000233803657555
0.000233466546442
0.000233265928315
0.000233131613535
0.000233026815313
0.000232706616818
0.000232341357028
0.000232006879876
0.000231945999575
0.000231822373237
0.000231579994863
0.000231267313918
0.000231161832172
0.00023062437368
0.000230428495411
0.0002301368065
0.000229957920571
0.000229859505992
0.000229481584416
0.000229356291283
0.000228969130483
0.000228660661426
0.000228531264537
0.000228338969827
0.000228022875911
0.000227850757495
0.000227639929403
0.000227467016791
0.000227432242444
0.000226921482156
0.000226709074991
0.000226636182954
0.000226516276009
0.000226027988805
0.000225934578629
0.000225770245494
0.000225623582122
0.000225287426718
0.000225145387542
0.000224966239388
0.00022464423146
0.000224405903369
0.000224069435758
0.000223802041662
0.000223652937629
0.000223587986485
0.000223341938171
0.000222792656113
0.000222713902645
0.00022254876159
0.000222483229485
0.000222036188286
0.000221841589999
0.00022179629723
0.000221491620178
0.000221277797103
0.000221039953957
0.00022082427622
0.000220516404398
0.000220250943795
0.000220008618509
0.000219893399133
0.000219473109054
0.000219350582753
0.000219294938962
0.000218788268517
0.000218759376496
0.000218343046581
0.000218198391338
0.000217939062242
0.000217795387452
0.00021744546108
0.000217368419516
0.000217217121689
0.000216965810339
0.000216833261373
0.000216534566414
0.000216360821803
0.000216185376168
0.000215967938577
0.00021552631826
0.000215498514377
0.000215304828478
0.000215061396728
0.00021472631713
0.000214508332412
0.000214424424774
0.000214331710644
0.000214073192787
0.000213899236577
0.000213591786033
0.00021345067027
0.00021326243376
0.000212779603462
0.000212690916454
0.000212531443502
0.000212263965732
0.000211992912569
0.000211705754527
0.000211504943117
0.000211457704751
0.000211194986757
0.000211037668972
0.000210683045894
0.000210490887478
0.000210379347016
0.000210188136369
0.000209953634969
0.000209920332474
0.000209545091326
0.000209343372973
0.000209077824192
0.000208873404873
0.000208723033472
0.000208635576594
0.000208491684153
0.000208264337995
0.000208116038948
0.000207682265417
0.00020752280596
0.000207319993101
0.00020724011013
0.000207055233798
0.000206613943326
0.000206567974107
0.000206541062265
0.00020638897765
0.000206081712022
0.000205857206171
0.00020570791246
0.000205463219089
0.000205270910174
0.000205011825331
0.000204834318614
0.000204656382769
0.000204585780658
0.000204386900515
0.000204175783621
0.000203939345579
0.000203614459373
0.000203415967903
0.000203296456613
0.000203248559379
0.000202926069869
0.000202747884532
0.000202512423163
0.000202361771105
0.000202253936197
0.000202087446053
0.000201876630559
0.000201633765759
0.000201616546642
0.000201482300041
0.000201267487284
0.000200871469183
0.000200820798965
0.000200746998153
0.000200380939148
0.000200227620012
0.000199970715654
0.000199746137117
0.000199594586226
0.000199379542474
0.000199182036665
0.000199144075592
0.000198821269939
0.000198470713555
0.000198404272142
0.00019836757012
0.000198158378292
0.000197858869476
0.000197657356673
0.00019746508187
0.00019738459899
0.000197203385255
0.000197007351801
0.000196960261051
0.000196893810968
0.000196584601278
0.000196305056235
0.000196101172504
0.000196042668913
0.000195526232408
0.00019521870288
0.00019495137174
0.000194802158397
0.000194648859779
0.000194620358088
0.000194475641715
0.000194405039392
0.000194143728699
0.00019401287711
0.000193910464638
0.000193717470063
0.000193615906517
0.00019332139283
0.00019315620595
0.000193024727575
0.000192806119082
0.000192628587503
0.000192450175891
0.000192396038314
0.00019220627952
0.000192082936582
0.000191989828897
0.000191687952409
0.000191503381582
0.000191291883679
0.000191106705914
0.000190987211144
0.000190799008376
0.000190675862136
0.000190432292186
0.000190289917854
0.000190170810901
0.000189851041312
0.000189736255178
0.000189560095481
0.000189395399011
0.000189157509538
0.000189125977106
0.000188766950271
0.000188749812168
0.000188370167895
0.000188322601216
0.0001881214187
0.000188067040321
0.000187862261912
0.000187752713522
0.000187586451947
0.000187533864217
0.000187357352258
0.000187149249232
0.000186974469956
0.000186761105401
0.000186447228014
0.000186397877206
0.000186279277938
0.000186017686555
0.000185928942348
0.000185866957643
0.00018553764872
0.000185509026087
0.000185333136649
0.000185003645004
0.00018496126349
0.000184782358637
0.000184741080024
0.000184517909218
0.000184417373381
0.000184271043521
0.000184021819506
0.000183721417194
0.000183668469603
0.000183544212758
0.000183520929435
0.000183383024426
0.000183164192126
0.000183054228664
0.000182780759987
0.000182680022706
0.000182527395793
0.000182271693089
0.000182100188478
0.000181869748782
0.000181762178512
0.000181584708365
0.000181386120259
0.000181280497816
0.000181140807867
0.000181039238483
0.000180858766281
0.000180682348434
0.000180567630602
0.000180482850069
0.000180387413544
0.00017998107835
0.000179900942231
0.000179690961405
0.000179627776939
0.000179527040121
0.000179343712073
0.000179244538859
0.000179179338922
0.000179064942706
0.000178868298846
0.000178703030829
0.000178418006886
0.000178353410193
0.000178004790861
0.000177863451994
0.000177747694037
0.000177547362603
0.000177341910197
0.000177299280636
0.000177196331238
0.000177009666369
0.000176839616029
0.000176648403253
0.000176426853398
0.000176309317876
0.000176292139884
0.000176174471108
0.000175989493199
0.000175781459439
0.000175544270559
0.000175498141483
0.000175309387253
0.000175220773835
0.000175039629186
0.000174958788141
0.000174664681451
0.000174492113139
0.000174147835333
0.000174122801071
0.000174003393041
0.000173784285913
0.000173623696929
0.00017352155135
0.000173346434078
0.000173271960067
0.000173223244835
0.000173053815434
0.000172988537922
0.000172898424799
0.000172713220779
0.000172495555763
0.000172370401345
0.000172230012293
0.00017212522495
0.000171904618356
0.00017167868197
0.000171563102451
0.000171470395074
0.000171320791719
0.000171257075213
0.000171213667018
0.000171100140909
0.000170921360972
0.000170859965621
0.000170595628901
0.000170435652151
0.000170349691504
0.00017024361425
0.000170046701523
0.000169985355282
0.000169695561536
0.000169582612399
0.000169460968659
0.000169308835403
0.000168976960691
0.000168872442239
0.000168793067
0.000168678956899
0.000168480640908
0.000168352506918
0.000168143638423
0.000168084519847
0.000167917688594
0.000167882572917
0.000167744300085
0.000167529295507
0.000167448891572
0.000167323626622
0.000167219751532
0.000167029058788
0.000166850602602
0.000166838211448
0.000166685222487
0.000166602565831
0.000166282216883
0.000166076885388
0.000166008982206
0.000165965411453
0.000165808437664
0.000165682724044
0.000165675572358
0.000165506741328
0.000165380778564
0.000165276557149
0.000165029583426
0.000164858499314
0.000164724436975
0.000164632877107
0.000164415570527
0.000164358440478
0.000164273272106
0.000164076128453
0.000164024201321
0.000163909208086
0.000163607401576
0.0001634681121
0.000163231109587
0.000163090990063
0.000162925304061
0.000162817683645
0.00016277887339
0.000162683476793
0.000162602703611
0.000162378421265
0.000162195155252
0.0001621693319
0.000161944712847
0.000161742836022
0.000161684656015
0.000161507387261
0.000161404763665
0.000161263480046
0.000161182317308
0.00016102963201
0.000160812842996
0.00016071045726
0.000160577460066
0.000160508455031
0.000160381426651
0.000160248471354
0.000160219119563
0.000160070179751
0.000159936633883
0.000159915754191
0.000159526060888
0.000159379338592
0.000159331845584
0.00015918894666
0.000159086629388
0.000158951350295
0.000158824084186
0.000158647085657
0.000158599337924
0.00015851303076
0.000158391488107
0.000158228295737
0.000158067646075
0.000157965503406
0.000157777538192
0.000157715521985
0.000157575972486
0.000157520062207
0.000157406190937
0.000157280806732
0.000157042034983
0.000156809976873
0.000156719861034
0.000156585859906
0.000156470843451
0.000156376567644
0.000156294129182
0.000156069726555
0.000156047370894
0.000155935059329
0.000155821552174
0.000155667806945
0.000155610277427
0.000155454167138
0.000155392811326
0.000155261969014
0.000155059487781
0.00015484293112
0.000154790996877
0.000154679748456
0.000154652001086
0.000154455101598
0.000154353288973
0.000154216487916
0.000154128601915
0.000153990185029
0.00015389434545
0.000153835514893
0.00015375918842
0.000153658033897
0.000153425632858
0.000153370329318
0.000153206437401
0.000153090754719
0.000152941703766
0.000152838458257
0.000152782127321
0.000152716153172
0.000152633224305
0.000152378165377
0.000152299666709
0.000152154970782
0.000152037517498
0.000151864457521
0.000151782998944
0.000151686090866
0.000151540583844
0.000151533952106
0.000151360937425
0.000151202996771
0.000151189451346
0.000150980409105
0.000150864916393
0.000150770135291
0.000150630245165
0.000150484300579
0.000150331331578
0.000150222899341
0.000150149336519
0.000150059282567
0.000149892602591
0.000149688552641
0.000149663419671
0.000149535179039
0.000149334608686
0.000149175816294
0.000149082688553
0.000149059742487
0.000148930550365
0.000148799182402
0.000148649558232
0.000148609974298
0.000148435947082
0.000148379605255
0.000148298567525
0.00014812195444
0.000147990622441
0.00014788453939
0.000147704606219
0.000147619155355
0.000147570034084
0.000147313878687
0.000147214939906
0.000147096636844
0.000147021154961
0.000146937689065
0.000146721707607
0.000146610669175
0.000146551019086
0.000146500032665
0.000146355564557
0.000146302162817
0.000146219254341
0.000146133361841
0.000145935351234
0.000145822257633
0.000145705217088
0.000145570665116
0.000145476564304
0.000145338183938
0.000145254405162
0.000145175127298
0.000145100340166
0.000144966213802
0.000144916543617
0.000144805314607
0.000144714249394
0.000144472564409
0.000144414462569
0.000144368115707
0.000144210270798
0.000144040524805
0.000144008744109
0.000143855162186
0.000143789962913
0.000143605112463
0.000143533603937
0.00014347531604
0.000143303897198
0.000143210416994
0.000142992488901
0.000142894670048
0.000142831319114
0.000142599448483
0.00014251659339
0.000142479638721
0.000142244962083
0.000142228223445
0.000142119254353
0.000142027039308
0.000141943636229
0.000141898463908
0.000141642985857
0.000141556289406
0.000141480894478
0.000141352250457
0.000141345814461
0.000141209552036
0.000141102205679
0.000141055265845
0.000140968101335
0.000140837417488
0.000140650624696
0.000140630111157
0.000140427572827
0.00014036225337
0.000140182598366
0.000140070835308
0.000139953524308
0.000139826836837
0.000139788804738
0.000139581096901
0.000139523767636
0.000139492407058
0.00013941535083
0.000139204425783
0.000139138904306
0.000139047092464
0.000138983125362
0.000138858247926
0.000138670106552
0.000138628131937
0.000138517855665
0.000138452413526
0.000138396499705
0.00013829350491
0.000138155021501
0.000138119668212
0.000137949078511
0.000137811779182
0.000137749321802
0.0001375866792
0.000137455269018
0.000137383881216
0.000137240604352
0.000137183039813
0.000137136865931
0.000137061122053
0.000136917178612
0.000136845594187
0.000136703865576
0.000136642328418
0.000136539162263
0.000136506410191
0.000136385538252
0.000136225336285
0.000136154633576
0.000136008169467
0.000135836380683
0.000135826960308
0.000135711320695
0.000135646894189
0.000135580815144
0.000135462999245
0.00013541409839
0.000135306528094
0.000135264626227
0.000135100381443
0.000134947577345
0.000134832584658
0.000134823686145
0.000134718359182
0.000134520142336
0.000134401431396
0.000134273351916
0.000134235773903
0.000134145066274
0.000134070173994
0.000133968356035
0.000133881574642
0.000133817771258
0.000133647958479
0.000133580702301
0.00013351247205
0.000133362219628
0.000133263014875
0.000133146824452
0.000133076563404
0.000132960841968
0.000132893179318
0.000132670529868
0.000132637098126
0.000132577595687
0.000132443839222
0.000132413987912
0.000132255669934
0.000132188803012
0.000132097333419
0.000131936082887
0.000131802550774
0.000131683865263
0.000131483347605
0.000131339514004
0.000131270516568
0.000131196016871
0.000131143280348
0.000131049637551
0.000130968967262
0.000130878308324
0.000130743918518
0.000130562759798
0.000130429718584
0.000130425223455
0.000130382238767
0.000130263958705
0.000130220878719
0.00013012204629
0.000130079741934
0.00012994414788
0.000129788681339
0.000129707294891
0.000129694055179
0.000129519219866
0.00012942323525
0.000129336098577
0.000129283547995
0.000129222429978
0.000129087545698
0.000128922334176
0.000128803896211
0.000128625389078
0.000128599234084
0.000128507674336
0.000128402252661
0.000128344349959
0.000128174973302
0.00012812277447
0.000128055965293
0.000127991173773
0.000127863027811
0.000127767620957
0.000127613679725
0.000127563391461
0.000127446210392
0.000127389744697
0.00012733205842
0.000127259115069
0.0001271705501
0.000127070490257
0.000126839696671
0.000126714341955
0.000126680208471
0.000126604587226
0.00012651661167
0.000126492349287
0.000126367504599
0.000126215499889
0.00012602977597
0.000125989358148
0.000125977100597
0.000125857964711
0.000125711047319
0.000125668565948
0.000125622836511
0.000125518872928
0.000125295502806
0.000125244615411
0.000125156721406
0.000125029744761
0.000124954837824
0.000124777940298
0.00012470242558
0.000124654267354
0.000124643715563
0.000124524279582
0.00012447753182
0.000124379720052
0.000124233814851
0.000124192268838
0.000124080432803
0.00012407144578
0.000123956920062
0.000123936836733
0.000123810094036
0.000123672205904
0.000123509457399
0.000123392894323
0.00012333313975
0.000123280284764
0.000123206241764
0.000123071514234
0.000123037277317
0.000122958019653
0.00012289451333
0.000122837500419
0.00012278453656
0.000122737937741
0.000122607699832
0.000122503000322
0.000122416884271
0.000122288790342
0.000122127895704
0.000122060927847
0.000122042448906
0.000121939681375
0.000121857311149
0.000121832175113
0.000121745220507
0.000121637905242
0.000121542215562
0.000121472724481
0.000121396231088
0.000121275382269
0.000121240779308
0.000121102885695
0.000121045561792
0.000120988327293
0.000120794697493
0.00012073091357
0.000120617703749
0.000120524758938
0.000120458670786
0.000120355615546
0.000120333339677
0.000120166666982
0.000120137377582
0.00012006910729
0.000120008506999
0.000119948019797
0.00011981007866
0.000119769215168
0.000119724302365
0.000119643495205
0.000119556362805
0.000119451029522
0.000119295384293
0.000119217105453
0.000119189038767
0.000119048539661
0.000118928667639
0.000118882456863
0.000118852623361
0.000118769703571
0.000118715403343
0.000118625688792
0.000118552290347
0.000118361626987
0.00011827809209
0.000118256474901
0.000118166303262
0.00011806565313
0.000118010482183
0.000117935475582
0.0001178349373
0.000117700947917
0.000117684027231
0.000117538890916
0.00011742431019
0.00011729798507
0.000117292045525
0.000117228327748
0.000117120990681
0.000116982692571
0.000116913252361
0.000116789127698
0.000116661672815
0.000116636751607
0.000116562514521
0.000116532330576
0.000116477577248
0.000116393858956
0.000116352600923
0.000116267881665
0.000116156757837
0.00011611849451
0.000116059245155
0.000115957470377
0.000115880519498
0.000115759849246
0.000115708301752
0.000115617849038
0.000115564433714
0.000115461753775
0.000115443096191
0.000115281871508
0.000115200783815
0.000115069709888
0.000114996309691
0.000114907641989
0.000114866184809
0.000114789761745
0.000114596753901
0.000114569444329
0.00011449799426
0.000114428847088
0.000114385865647
0.000114270472536
0.000114196236442
0.000114098363428
0.000114085807491
0.000113961347603
0.000113894631958
0.000113881099056
0.000113776293343
0.000113725002991
0.000113680560062
0.000113561684378
0.000113497672192
0.000113424565913
0.000113313961273
0.000113262394956
0.000113151322766
0.000113110907099
0.00011307805571
0.000112923302005
0.000112778977881
0.000112748175765
0.000112652590178
0.000112627241044
0.000112572365556
0.000112499265532
0.000112485310323
0.000112313837675
0.000112219331976
0.000112086032002
0.000112045367331
0.000111980524482
0.000111909106229
0.000111858482211
0.000111712111609
0.000111653306394
0.000111542621098
0.000111507810455
0.000111460546915
0.000111370278767
0.000111258755545
0.000111159602419
0.000111127649727
0.000111087986777
0.0001110433168
0.000110878153659
0.0001108157745
0.000110707470252
0.000110590188101
0.000110541353886
0.000110531502342
0.000110466290733
0.000110331127659
0.000110252800604
0.000110167096265
0.000110131799862
0.000110067349941
0.000109997171942
0.00010997023423
0.000109894016042
0.000109784337772
0.000109683639408
0.000109614859223
0.000109548288011
0.000109521441535
0.00010945766068
0.000109390012209
0.000109317440881
0.000109164425138
0.000109146055386
0.000109067649878
0.000108916095188
0.000108877417913
0.000108770761491
0.000108715053114
0.000108679580929
0.000108583661541
0.00010852572151
0.000108509276492
0.000108425682346
0.000108323983498
0.000108256900577
0.000108186451179
0.000108138538557
0.00010810280715
0.000108059750123
0.000107988979053
0.000107879733837
0.000107833996798
0.000107761536313
0.000107661006254
0.000107576167226
0.000107446250503
0.000107393531916
0.000107351935817
0.000107201762251
0.000107137098461
0.000107055390098
0.0001070194104
0.000106999184577
0.000106868014523
0.000106851111482
0.000106822501214
0.000106735633931
0.000106636302539
0.000106545706377
0.000106515053018
0.000106470576121
0.000106455958785
0.000106355981993
0.000106261078671
0.000106215944184
0.000106121409693
0.00010600084084
0.000105983807091
0.000105896566652
0.000105859836689
0.000105775750066
0.000105683887562
0.000105656426741
0.000105565078141
0.000105503182174
0.000105392845509
0.00010538541753
0.000105332666588
0.000105268324702
0.000105219007543
0.000105048935625
0.00010501806038
0.000104963858767
0.000104887949316
0.000104754586986
0.000104750047152
0.000104638329611
0.000104597128657
0.000104538129124
0.000104451765259
0.00010440165161
0.000104364973559
0.000104256056455
0.000104133764418
0.000104084546738
0.000104067318933
0.000103926504605
0.000103853538848
0.000103837568875
0.00010378313647
0.00010373364432
0.000103632932185
0.000103560527848
0.000103525316179
0.000103446252791
0.000103374132366
0.000103292427498
0.000103264315195
0.000103191411014
0.000103127252765
0.000103019140104
0.000103006660677
0.000102999425157
0.000102843702733
0.000102801980168
0.000102723873767
0.000102676480225
0.000102617982887
0.000102554220231
0.000102518708624
0.000102363432072
0.000102313254227
0.000102309481142
0.000102243519251
0.000102162671441
0.000102015836153
0.000101996199426
0.000101888102671
0.000101849123792
0.000101775440911
0.000101738346419
0.000101719862729
0.000101642232258
0.000101577594983
0.000101506581945
0.000101435969191
0.000101390842697
0.000101299146018
0.000101235506433
0.000101124039498
0.000101103464043
0.000101049613392
0.000101023326079
0.00010096371211
0.000100897182974
0.000100856444966
0.000100707605343
0.00010068838902
0.00010062550712
0.000100537200682
0.000100489686576
0.000100430883377
0.00010037819663
0.000100345776911
0.000100198048657
0.000100167436938
0.000100117206289
0.000100085010267
0.000100011135639
9.99643043404e-05
9.98835234987e-05
9.98520840277e-05
9.98370143477e-05
9.97693820912e-05
9.967170335e-05
9.95562631679e-05
9.954672672e-05
9.94919736383e-05
9.94389433135e-05
9.93949131737e-05
9.93611820813e-05
9.91931120536e-05
9.91373436275e-05
9.90927569685e-05
9.9076509652e-05
9.89171266834e-05
9.88702875751e-05
9.87866329949e-05
9.87499023012e-05
9.87294761109e-05
9.86823295425e-05
9.86140990925e-05
9.85194908492e-05
9.84868064132e-05
9.84087477734e-05
9.83828194437e-05
9.82713732836e-05
9.81286541266e-05
9.80875626492e-05
9.80567127838e-05
9.8044912977e-05
9.80062507369e-05
9.7892794751e-05
9.78212395502e-05
9.7756877098e-05
9.7741631999e-05
9.76919885436e-05
9.76442118439e-05
9.75229272919e-05
9.74994906371e-05
9.7474806212e-05
9.74241762025e-05
9.7292512545e-05
9.7234321971e-05
9.71657909852e-05
9.70866542871e-05
9.70674780588e-05
9.70454657799e-05
9.69821006223e-05
9.68676214439e-05
9.68327286158e-05
9.67559428291e-05
9.66658205224e-05
9.66567971153e-05
9.65660645756e-05
9.65175727491e-05
9.64485793106e-05
9.63980385587e-05
9.62871627887e-05
9.62526512551e-05
9.61959231459e-05
9.61453458652e-05
9.61252532153e-05
9.60306009608e-05
9.59604975218e-05
9.58714533879e-05
9.5825811919e-05
9.58026732293e-05
9.57265384622e-05
9.56732358608e-05
9.56159196186e-05
9.55156636424e-05
9.54893795189e-05
9.54534106271e-05
9.53578286299e-05
9.53054008335e-05
9.52696694219e-05
9.51986842419e-05
9.51607690573e-05
9.50009600772e-05
9.49611720617e-05
9.49081332316e-05
9.4861343063e-05
9.48409730941e-05
9.47429935151e-05
9.46951624046e-05
9.46316144013e-05
9.45843925846e-05
9.4551013785e-05
9.44592502933e-05
9.44357022021e-05
9.43941559022e-05
9.42864218877e-05
9.42637218101e-05
9.42450291655e-05
9.41139942242e-05
9.40696349479e-05
9.40458166236e-05
9.39202902485e-05
9.39140658989e-05
9.38766760908e-05
9.38354000672e-05
9.38189892695e-05
9.37526349911e-05
9.37201385905e-05
9.36276795633e-05
9.35990856734e-05
9.34697236011e-05
9.34613856637e-05
9.34269042016e-05
9.33485241214e-05
9.32902295026e-05
9.32123393492e-05
9.31842385088e-05
9.31095490598e-05
9.31001893946e-05
9.30767947441e-05
9.29537908e-05
9.29410884624e-05
9.28900077866e-05
9.27919983097e-05
9.272378391e-05
9.2707999985e-05
9.25962996218e-05
9.25559369311e-05
9.25195628078e-05
9.24245233887e-05
9.24004375399e-05
9.23266055403e-05
9.22978692221e-05
9.2172965363e-05
9.21220896237e-05
9.20751706987e-05
9.20369789116e-05
9.19895945149e-05
9.19553521371e-05
9.18564517663e-05
9.18122614898e-05
9.18026756146e-05
9.16865796412e-05
9.16553637926e-05
9.16017515776e-05
9.15611316355e-05
9.15300211773e-05
9.14380558624e-05
9.14136784415e-05
9.13440882185e-05
9.12790955742e-05
9.12532613784e-05
9.11776872116e-05
9.11257772623e-05
9.11029848993e-05
9.10457611588e-05
9.10082479508e-05
9.09531737876e-05
9.0908251793e-05
9.08585719554e-05
9.07418471107e-05
9.07166028646e-05
9.06579981226e-05
9.06297652585e-05
9.05649594703e-05
9.05108109824e-05
9.04602856287e-05
9.04199384856e-05
9.04030232305e-05
9.03767958912e-05
9.03045668447e-05
9.0199983785e-05
9.01839889238e-05
9.0120307094e-05
9.00730496206e-05
9.00147023448e-05
8.99715291274e-05
8.99428779185e-05
8.98893559015e-05
8.98424580487e-05
8.98024151779e-05
8.9738434487e-05
8.96404241486e-05
8.95551682897e-05
8.95416013209e-05
8.95035053253e-05
8.94878522926e-05
8.93454047754e-05
8.9327448332e-05
8.92019737746e-05
8.91401015756e-05
8.9087938987e-05
8.90601929903e-05
8.90234653151e-05
8.89871240354e-05
8.8971807369e-05
8.89195148268e-05
8.88009477247e-05
8.87790448262e-05
8.87448463596e-05
8.86584405339e-05
8.86219298715e-05
8.85710821612e-05
8.85479178534e-05
8.84977036604e-05
8.84550356197e-05
8.83642698655e-05
8.83391843582e-05
8.8281696718e-05
8.82573316614e-05
8.82392733236e-05
8.81738994421e-05
8.81402105916e-05
8.80942962687e-05
8.80198659483e-05
8.79342946877e-05
8.78740019486e-05
8.78486445666e-05
8.77806616684e-05
8.77645840948e-05
8.77437839659e-05
8.76069675603e-05
8.75448941085e-05
8.75028184418e-05
8.74706040979e-05
8.7451824293e-05
8.74171098003e-05
8.73168958552e-05
8.72861950032e-05
8.72354040504e-05
8.72201624674e-05
8.71428534493e-05
8.70868341968e-05
8.70664760474e-05
8.70387075879e-05
8.70049718626e-05
8.68983253111e-05
8.68837293491e-05
8.68266838588e-05
8.67806140513e-05
8.66895516931e-05
8.66207257459e-05
8.65644000447e-05
8.65074193703e-05
8.64781796603e-05
8.64627343333e-05
8.64383700296e-05
8.63706596349e-05
8.63606790838e-05
8.63211404943e-05
8.6281634988e-05
8.61669146139e-05
8.60989352695e-05
8.60701940104e-05
8.60411294559e-05
8.59274372199e-05
8.58864005976e-05
8.586533111e-05
8.57890408905e-05
8.57073961283e-05
8.56905000526e-05
8.56624235579e-05
8.56139867729e-05
8.55888996336e-05
8.55240436953e-05
8.54715408776e-05
8.54479846647e-05
8.53216430032e-05
8.52976966446e-05
8.52687170169e-05
8.52626311865e-05
8.51820809961e-05
8.513608764e-05
8.50505117389e-05
8.50262637811e-05
8.50018204186e-05
8.49807765715e-05
8.49254056322e-05
8.4875639465e-05
8.48381600354e-05
8.47900804861e-05
8.47687589447e-05
8.46549757048e-05
8.46383641212e-05
8.45958155765e-05
8.453007691e-05
8.45007769655e-05
8.44274924794e-05
8.43977697147e-05
8.43689998153e-05
8.43162264815e-05
8.42635690121e-05
8.42081150329e-05
8.41396045109e-05
8.41193393111e-05
8.40372852602e-05
8.39939013655e-05
8.39424035386e-05
8.38488135723e-05
8.38429695821e-05
8.37950211242e-05
8.37490380347e-05
8.37171671646e-05
8.3612815512e-05
8.3606985821e-05
8.35566682891e-05
8.34723066561e-05
8.34443290022e-05
8.33836011422e-05
8.33336631784e-05
8.32710566231e-05
8.32580921889e-05
8.32146242647e-05
8.31523912517e-05
8.3141063696e-05
8.30732292103e-05
8.3034138196e-05
8.29429731541e-05
8.29130256167e-05
8.28859953887e-05
8.28437512766e-05
8.27788535272e-05
8.27080958752e-05
8.27000366484e-05
8.26594488827e-05
8.2632272244e-05
8.2597479165e-05
8.25540693127e-05
8.25342951265e-05
8.24541125876e-05
8.24320229949e-05
8.23831458952e-05
8.23350888407e-05
8.22324715579e-05
8.22024899332e-05
8.2194997655e-05
8.21225872772e-05
8.20905633339e-05
8.20222427651e-05
8.19876108247e-05
8.19657255598e-05
8.19128312204e-05
8.18774731949e-05
8.18352375501e-05
8.1776859596e-05
8.1672683434e-05
8.16684950138e-05
8.16254089306e-05
8.15938308546e-05
8.15211559548e-05
8.14910057745e-05
8.14396465814e-05
8.14014829215e-05
8.13935617511e-05
8.13189057518e-05
8.12691123012e-05
8.12234047603e-05
8.1192120329e-05
8.11227617347e-05
8.11042679888e-05
8.10850285653e-05
8.10230188089e-05
8.09991682751e-05
8.09204515499e-05
8.08924042543e-05
8.08588868444e-05
8.08060198197e-05
8.07578308578e-05
8.07252892885e-05
8.06770637918e-05
8.05849726828e-05
8.05315050835e-05
8.04890576431e-05
8.04690566499e-05
8.04214627566e-05
8.03843539932e-05
8.03527808342e-05
8.03065796087e-05
8.02360476317e-05
8.01883026291e-05
8.01537367728e-05
8.01085611407e-05
8.00165689851e-05
7.99798298944e-05
7.99272368059e-05
7.98990295212e-05
7.98762554774e-05
7.98560824548e-05
7.97931904978e-05
7.97593522069e-05
7.97484546703e-05
7.96670599997e-05
7.96227325077e-05
7.95785576703e-05
7.95311184633e-05
7.95173499205e-05
7.94785219023e-05
7.94294234208e-05
7.93842789629e-05
7.93823046938e-05
7.93029598975e-05
7.92628651138e-05
7.92246906104e-05
7.91265149156e-05
7.91011842905e-05
7.90869811568e-05
7.90568495238e-05
7.90061543311e-05
7.89850737543e-05
7.89275720183e-05
7.88796207637e-05
7.88418916577e-05
7.87837127121e-05
7.87517402327e-05
7.86953922803e-05
7.86462458216e-05
7.86303280622e-05
7.85910350601e-05
7.85299454008e-05
7.84783574365e-05
7.84440688347e-05
7.83862700462e-05
7.83328466706e-05
7.83030093537e-05
7.82704611798e-05
7.82267031107e-05
7.81928046226e-05
7.81316623768e-05
7.81232216965e-05
7.81137717796e-05
7.80623180824e-05
7.80299149505e-05
7.79540919857e-05
7.7870690611e-05
7.78223533797e-05
7.77756492381e-05
7.77372820957e-05
7.7714408949e-05
7.76885111778e-05
7.76118520826e-05
7.75974838218e-05
7.75608228245e-05
7.7494171956e-05
7.74599517239e-05
7.74488415458e-05
7.73809249721e-05
7.73418854769e-05
7.72972706869e-05
7.72881843363e-05
7.7218206008e-05
7.71799203525e-05
7.71454483919e-05
7.70887608921e-05
7.70708385303e-05
7.70310164145e-05
7.6971813601e-05
7.6938270695e-05
7.69074991405e-05
7.68693377124e-05
7.67949612197e-05
7.67558317638e-05
7.67056369665e-05
7.66916244081e-05
7.66150304315e-05
7.65676734328e-05
7.65414064057e-05
7.65005010303e-05
7.64891699308e-05
7.64519542188e-05
7.6424270819e-05
7.63773914649e-05
7.63306966248e-05
7.6282461476e-05
7.62423585579e-05
7.62174070102e-05
7.61693117602e-05
7.6129996814e-05
7.60797172563e-05
7.60447450162e-05
7.60122661041e-05
7.59514383029e-05
7.59133086608e-05
7.58781194143e-05
7.58684664419e-05
7.58335979002e-05
7.57660788408e-05
7.57394154854e-05
7.57244652015e-05
7.5667253975e-05
7.56446232906e-05
7.55948485395e-05
7.55224519495e-05
7.55075676593e-05
7.54407046872e-05
7.54161351708e-05
7.5381790549e-05
7.53240342959e-05
7.5314674042e-05
7.52517719724e-05
7.51939276717e-05
7.51727355598e-05
7.5129652773e-05
7.50943529155e-05
7.50829666196e-05
7.50149533627e-05
7.49730150857e-05
7.49070167743e-05
7.48797591097e-05
7.48694181686e-05
7.48215624545e-05
7.47995172979e-05
7.47342042769e-05
7.4727669726e-05
7.45940516753e-05
7.45827485624e-05
7.45565051985e-05
7.45070387844e-05
7.44527056481e-05
7.44210349738e-05
7.43957005335e-05
7.43491821889e-05
7.43306077019e-05
7.43133962588e-05
7.42519007495e-05
7.42209633402e-05
7.41666457412e-05
7.41527199613e-05
7.40680984388e-05
7.40345245513e-05
7.40109902363e-05
7.40000447267e-05
7.39674241967e-05
7.39362894697e-05
7.38865720692e-05
7.3793486851e-05
7.3773208322e-05
7.37331263829e-05
7.36879092022e-05
7.36723731506e-05
7.35962439351e-05
7.35656455702e-05
7.35341894715e-05
7.34926952784e-05
7.34431237123e-05
7.34170960263e-05
7.3345659692e-05
7.32910724817e-05
7.32599338033e-05
7.32154011066e-05
7.31947869672e-05
7.31619157607e-05
7.31061085625e-05
7.30555724402e-05
7.30258363527e-05
7.29904997912e-05
7.297438452e-05
7.29318397597e-05
7.29000932795e-05
7.28823644183e-05
7.28518505948e-05
7.28389215339e-05
7.27906426178e-05
7.27238651731e-05
7.26887501779e-05
7.26332549764e-05
7.26013606943e-05
7.25703050723e-05
7.25438461666e-05
7.25037275501e-05
7.24942364376e-05
7.24291987954e-05
7.24047420154e-05
7.23432291812e-05
7.2322692378e-05
7.22956762102e-05
7.2211443607e-05
7.21644987787e-05
7.21569135886e-05
7.21394656772e-05
7.21045983772e-05
7.20775282807e-05
7.20159425709e-05
7.2000281938e-05
7.1905160758e-05
7.18951507884e-05
7.18693696066e-05
7.18492648598e-05
7.18224074525e-05
7.17776380598e-05
7.17397127706e-05
7.17139856887e-05
7.16729330291e-05
7.16521784036e-05
7.15901992192e-05
7.15514274767e-05
7.15248765659e-05
7.14738453948e-05
7.14345439941e-05
7.13640138871e-05
7.13534003815e-05
7.13130531882e-05
7.12654308211e-05
7.12601439134e-05
7.115906273e-05
7.11405653813e-05
7.10979628115e-05
7.10336402465e-05
7.10072811792e-05
7.09844559243e-05
7.09495720986e-05
7.09271701732e-05
7.0901750273e-05
7.08791471547e-05
7.0876266969e-05
7.07972850118e-05
7.07521394553e-05
7.07345905276e-05
7.06497352073e-05
7.06399281874e-05
7.06072284431e-05
7.05797335316e-05
7.05437728673e-05
7.04810583027e-05
7.04595804719e-05
7.04290317356e-05
7.03821462735e-05
7.03741595647e-05
7.03428378483e-05
7.02973627939e-05
7.0275128036e-05
7.0232278738e-05
7.02174273031e-05
7.01907056967e-05
7.01486100744e-05
7.01185469821e-05
7.00612831626e-05
7.00372402254e-05
7.00152855909e-05
6.99964643219e-05
6.98995377104e-05
6.98730000803e-05
6.98513801003e-05
6.98134564564e-05
6.97932900462e-05
6.97264670637e-05
6.96912126194e-05
6.96509832156e-05
6.96197255256e-05
6.96130062412e-05
6.9531098369e-05
6.95086815444e-05
6.94859321195e-05
6.94333421573e-05
6.94177114293e-05
6.9374024075e-05
6.93575320149e-05
6.93326293286e-05
6.92759094129e-05
6.92302866804e-05
6.9208702905e-05
6.91729653405e-05
6.91458589498e-05
6.9096790156e-05
6.90808734055e-05
6.90391203267e-05
6.90042570032e-05
6.8970332368e-05
6.89276727608e-05
6.88927737791e-05
6.88390608873e-05
6.88200843099e-05
6.87839688036e-05
6.87526815786e-05
6.87179988434e-05
6.86890421621e-05
6.86435577793e-05
6.86203170568e-05
6.85912481158e-05
6.85658900701e-05
6.8534764224e-05
6.84751619814e-05
6.84244263947e-05
6.83904788857e-05
6.83706203966e-05
6.83554839716e-05
6.83017935202e-05
6.82714696624e-05
6.82370843495e-05
6.82049369496e-05
6.81903003707e-05
6.80967915511e-05
6.80668470704e-05
6.80562803254e-05
6.80146228667e-05
6.79552619269e-05
6.79198652532e-05
6.78963281692e-05
6.78507462497e-05
6.78333100351e-05
6.78249509559e-05
6.78181368048e-05
6.77370423054e-05
6.77249305183e-05
6.76982439127e-05
6.7635573382e-05
6.75971386281e-05
6.7580118275e-05
6.75431269355e-05
6.75336349294e-05
6.74426067978e-05
6.74252621793e-05
6.73825044412e-05
6.73384992145e-05
6.73092007597e-05
6.72780537746e-05
6.72586507922e-05
6.72234895119e-05
6.7156193965e-05
6.71156025235e-05
6.70757354153e-05
6.70454670867e-05
6.70254919818e-05
6.70023464632e-05
6.6985628693e-05
6.69256339629e-05
6.68745110451e-05
6.68621482945e-05
6.68282312481e-05
6.68041484487e-05
6.67920202008e-05
6.67127884154e-05
6.66870405345e-05
6.66763042613e-05
6.66365570192e-05
6.66009604541e-05
6.65798610246e-05
6.65481941611e-05
6.65205240387e-05
6.64878443021e-05
6.64519980136e-05
6.64063259271e-05
6.63649995076e-05
6.63190487782e-05
6.63085654774e-05
6.62626843079e-05
6.62430980749e-05
6.61862632455e-05
6.61655828843e-05
6.61547475526e-05
6.61125454242e-05
6.60970659071e-05
6.60432024528e-05
6.59935537862e-05
6.59527288634e-05
6.59107781006e-05
6.58859122414e-05
6.58786465929e-05
6.58328697566e-05
6.57885815473e-05
6.57641034835e-05
6.5734227544e-05
6.57083547118e-05
6.56594659157e-05
6.56448385664e-05
6.56255795237e-05
6.55944224117e-05
6.55706845817e-05
6.55167165214e-05
6.54875811549e-05
6.54686239616e-05
6.5445557051e-05
6.53852897275e-05
6.53547985271e-05
6.53273034567e-05
6.52866905411e-05
6.52709654103e-05
6.52120353754e-05
6.51942442711e-05
6.51270060507e-05
6.51077146016e-05
6.51024620028e-05
6.50674045384e-05
6.50371398678e-05
6.50092318545e-05
6.49922375517e-05
6.49444315398e-05
6.49115325797e-05
6.48979237601e-05
6.48731849303e-05
6.48245582167e-05
6.48144761507e-05
6.47770230543e-05
6.47339923018e-05
6.4721439998e-05
6.46728324051e-05
6.46610817527e-05
6.46396224127e-05
6.45861002006e-05
6.45670581471e-05
6.45566979325e-05
6.44694479166e-05
6.4446705685e-05
6.44165535065e-05
6.43884930857e-05
6.4375698117e-05
6.43594706931e-05
6.429111968e-05
6.42318033344e-05
6.42228609665e-05
6.41965673831e-05
6.41811754322e-05
6.41560253523e-05
6.40962056453e-05
6.40758160671e-05
6.40339023974e-05
6.40039056685e-05
6.39466342267e-05
6.39347395216e-05
6.39111227576e-05
6.38849050945e-05
6.38459527899e-05
6.38346982523e-05
6.38107667078e-05
6.37618304593e-05
6.37382622853e-05
6.36890084075e-05
6.36809651895e-05
6.36393351372e-05
6.36012059465e-05
6.35711114683e-05
6.35449759051e-05
6.35011787989e-05
6.34915291756e-05
6.3426529401e-05
6.34173826192e-05
6.34092124035e-05
6.33463705394e-05
6.33337333091e-05
6.32918409107e-05
6.32681097944e-05
6.32399734307e-05
6.32248972341e-05
6.32182313352e-05
6.31539214085e-05
6.31374132342e-05
6.30941652259e-05
6.30524994667e-05
6.30185461969e-05
6.3000154858e-05
6.29574012635e-05
6.29431568345e-05
6.29017242502e-05
6.28872144552e-05
6.28249999969e-05
6.2809149202e-05
6.27633302629e-05
6.27443501901e-05
6.27334798526e-05
6.26770505314e-05
6.26619977977e-05
6.26170596741e-05
6.26095212601e-05
6.25754395114e-05
6.25041389895e-05
6.24889005758e-05
6.24676214571e-05
6.24491419721e-05
6.23847099707e-05
6.23776764027e-05
6.23198827137e-05
6.22971610216e-05
6.22803548534e-05
6.22637573844e-05
6.22190684284e-05
6.22162742482e-05
6.21812410274e-05
6.21708145927e-05
6.21381353567e-05
6.21175312872e-05
6.21033354161e-05
6.2076782987e-05
6.20141822295e-05
6.19507231815e-05
6.19353019453e-05
6.18930398585e-05
6.18778764234e-05
6.18415103286e-05
6.17957608446e-05
6.17613265829e-05
6.17508260832e-05
6.17040948562e-05
6.16919460773e-05
6.16739444764e-05
6.16149674674e-05
6.15775435117e-05
6.15581797338e-05
6.15040733844e-05
6.14860830036e-05
6.14699525359e-05
6.14586462394e-05
6.13988505179e-05
6.13773104011e-05
6.13384690139e-05
6.13288865823e-05
6.12675087386e-05
6.12160107275e-05
6.1208426662e-05
6.11909496593e-05
6.11709648185e-05
6.1141207676e-05
6.11339595613e-05
6.10936070566e-05
6.10600950571e-05
6.10581500438e-05
6.10177021169e-05
6.09956115706e-05
6.09577363023e-05
6.09243723151e-05
6.09018908048e-05
6.08768725675e-05
6.08403096784e-05
6.0835458174e-05
6.07887899239e-05
6.07585909212e-05
6.07499548894e-05
6.07413539961e-05
6.06997992227e-05
6.06752847973e-05
6.06440921401e-05
6.06209597228e-05
6.05832336875e-05
6.05716950704e-05
6.05385449581e-05
6.05168050916e-05
6.04751712634e-05
6.04164339239e-05
6.03954894347e-05
6.0376089168e-05
6.03553883543e-05
6.03126674079e-05
6.02790513762e-05
6.0247749081e-05
6.02133473708e-05
6.02123561252e-05
6.02043744363e-05
6.01710281476e-05
6.01593500817e-05
6.00970972032e-05
6.00784804145e-05
6.00172330507e-05
5.99908950679e-05
5.9952675516e-05
5.99124993184e-05
5.9900698592e-05
5.98763578768e-05
5.98310205706e-05
5.98035019046e-05
5.97724929975e-05
5.97619197592e-05
5.97328220283e-05
5.97027652975e-05
5.96967883853e-05
5.96569136855e-05
5.96304420797e-05
5.96211945901e-05
5.9606462155e-05
5.95643909326e-05
5.95429345417e-05
5.95312625677e-05
5.94333344461e-05
5.94016464418e-05
5.93814561788e-05
5.93673760597e-05
5.93081771158e-05
5.92880671121e-05
5.9264570233e-05
5.92482353404e-05
5.92058407607e-05
5.9170106093e-05
5.91646361602e-05
5.91444759539e-05
5.91328730055e-05
5.91097156249e-05
5.90531879885e-05
5.90269185172e-05
5.90201046077e-05
5.89810699555e-05
5.8970469367e-05
5.89370508314e-05
5.88963753475e-05
5.8871016997e-05
5.88402601197e-05
5.88278784657e-05
5.8807560055e-05
5.87740553678e-05
5.87614561666e-05
5.87140766015e-05
5.86971671875e-05
5.86692306323e-05
5.86529365321e-05
5.85967925684e-05
5.8581347679e-05
5.85603632865e-05
5.85420463817e-05
5.85132380703e-05
5.8495923216e-05
5.84794313925e-05
5.84461748682e-05
5.83893577222e-05
5.83680620734e-05
5.83599813501e-05
5.83142239351e-05
5.83089091209e-05
5.82550270884e-05
5.82310826743e-05
5.82161493202e-05
5.81796237574e-05
5.81547757948e-05
5.80941960958e-05
5.80829538749e-05
5.80614906434e-05
5.80379846889e-05
5.79874771461e-05
5.79696402628e-05
5.79366765606e-05
5.79246660635e-05
5.78981415789e-05
5.78909839951e-05
5.78555245205e-05
5.78382794316e-05
5.78156652314e-05
5.78030222601e-05
5.77698055047e-05
5.77482539582e-05
5.771484541e-05
5.76971839642e-05
5.76721839993e-05
5.76456847263e-05
5.7555846394e-05
5.75453134478e-05
5.75090604541e-05
5.74778049099e-05
5.74643042242e-05
5.74302659517e-05
5.74239473024e-05
5.7406971633e-05
5.73855525068e-05
5.7357864835e-05
5.73431767078e-05
5.73277367506e-05
5.73029211785e-05
5.72729845246e-05
5.7258688925e-05
5.72187291287e-05
5.71992691976e-05
5.71748905594e-05
5.71251312994e-05
5.71164444305e-05
5.71119546313e-05
5.70730458789e-05
5.7045773739e-05
5.70380530626e-05
5.69812496869e-05
5.69490534261e-05
5.6939053734e-05
5.68924046615e-05
5.68648772796e-05
5.6823701024e-05
5.6772863636e-05
5.67580989675e-05
5.67549249369e-05
5.67181300517e-05
5.66923679834e-05
5.66740066414e-05
5.66459443691e-05
5.66352799488e-05
5.66023614899e-05
5.65636548419e-05
5.65300296921e-05
5.65147918592e-05
5.64927080128e-05
5.64901065107e-05
5.64519932874e-05
5.64266068374e-05
5.63992311647e-05
5.63802606648e-05
5.63742030339e-05
5.63385111434e-05
5.63287490426e-05
5.62920814509e-05
5.62599313979e-05
5.62416482007e-05
5.62076574666e-05
5.61685248437e-05
5.61527648856e-05
5.61076146517e-05
5.60984384408e-05
5.60724245435e-05
5.60562068876e-05
5.60428985442e-05
5.60103847705e-05
5.59915101179e-05
5.59347484833e-05
5.59201771086e-05
5.58987276767e-05
5.58770035452e-05
5.58611054421e-05
5.58038550608e-05
5.57776959928e-05
5.57490110926e-05
5.5733090786e-05
5.57007830032e-05
5.56597199497e-05
5.56544064069e-05
5.56473809559e-05
5.55954336546e-05
5.5589537805e-05
5.55743398864e-05
5.55389160323e-05
5.55154798273e-05
5.54747184761e-05
5.54524187379e-05
5.54330565942e-05
5.54034403331e-05
5.53676787292e-05
5.5359145236e-05
5.53180915113e-05
5.5295237368e-05
5.52857094643e-05
5.52560444171e-05
5.52335349635e-05
5.52079052411e-05
5.51859558226e-05
5.51517303067e-05
5.51157147782e-05
5.51098987135e-05
5.5087095378e-05
5.50700022939e-05
5.50419767072e-05
5.50043058923e-05
5.49866726297e-05
5.49799591466e-05
5.49327400042e-05
5.49175081885e-05
5.48835051613e-05
5.48631091248e-05
5.48259065719e-05
5.48137036952e-05
5.47803627604e-05
5.47725479488e-05
5.47462943104e-05
5.47369634867e-05
5.46906737578e-05
5.46819172867e-05
5.46499979373e-05
5.46336418905e-05
5.45923204506e-05
5.45660538827e-05
5.45323112439e-05
5.45224690732e-05
5.45055253506e-05
5.4490753099e-05
5.44659844527e-05
5.44481230553e-05
5.44011967514e-05
5.43720236619e-05
5.4341404241e-05
5.43084298268e-05
5.42940954281e-05
5.42592777847e-05
5.42546543309e-05
5.42250106188e-05
5.41872297995e-05
5.41801567615e-05
5.41279770307e-05
5.41119106636e-05
5.40871043136e-05
5.40567949502e-05
5.40436704671e-05
5.40183817367e-05
5.39939471652e-05
5.39790519793e-05
5.39437395295e-05
5.39092084635e-05
5.39060294962e-05
5.38735022292e-05
5.3863070422e-05
5.3844663271e-05
5.38225274507e-05
5.38164572907e-05
5.37553552644e-05
5.37422369111e-05
5.37250126653e-05
5.37191120282e-05
5.36864131093e-05
5.36781466047e-05
5.36389879905e-05
5.36194344254e-05
5.35882328176e-05
5.35665664722e-05
5.35289325269e-05
5.35174992873e-05
5.35088670126e-05
5.34611237638e-05
5.34541568165e-05
5.34079817077e-05
5.33815181491e-05
5.33624375548e-05
5.33407227086e-05
5.33129769515e-05
5.33044298898e-05
5.32580463941e-05
5.32319499283e-05
5.32176638636e-05
5.32015022169e-05
5.31953327023e-05
5.31715686661e-05
5.31229149149e-05
5.31072326574e-05
5.30771726637e-05
5.3063153998e-05
5.30224762496e-05
5.30055204649e-05
5.29802823389e-05
5.2957246688e-05
5.29370861686e-05
5.29168758259e-05
5.28924771104e-05
5.28736832675e-05
5.283870137e-05
5.28261102364e-05
5.28103947938e-05
5.27968152794e-05
5.275582765e-05
5.27276280556e-05
5.27095267649e-05
5.26971964558e-05
5.26748012928e-05
5.26546675848e-05
5.2617899931e-05
5.26065049637e-05
5.26046830859e-05
5.2576175253e-05
5.25588248552e-05
5.25255936787e-05
5.24946630752e-05
5.24799450839e-05
5.24467280305e-05
5.2415383299e-05
5.24044466937e-05
5.23742943207e-05
5.23604489979e-05
5.23310398849e-05
5.23149051158e-05
5.22788160382e-05
5.22664837873e-05
5.22512904898e-05
5.22206447729e-05
5.22073267721e-05
5.21835202706e-05
5.21425562368e-05
5.21065506732e-05
5.20980342055e-05
5.20707623823e-05
5.20529596039e-05
5.20353888617e-05
5.20104085656e-05
5.20018222949e-05
5.19789866641e-05
5.19524585357e-05
5.19163206935e-05
5.18990667928e-05
5.18881688007e-05
5.18809760191e-05
5.18698185722e-05
5.18048192463e-05
5.17793936724e-05
5.17543141687e-05
5.17507421615e-05
5.1697460155e-05
5.16828932881e-05
5.16648351059e-05
5.16490633406e-05
5.16366328509e-05
5.15961713134e-05
5.15842583359e-05
5.15646337372e-05
5.15513666697e-05
5.15203019803e-05
5.15078556673e-05
5.14858262545e-05
5.14752670586e-05
5.14501152162e-05
5.14362471482e-05
5.14183528779e-05
5.13911660993e-05
5.13520819925e-05
5.13472283674e-05
5.13228875656e-05
5.12730996675e-05
5.12630138913e-05
5.12460997553e-05
5.12290937533e-05
5.12076894225e-05
5.11723081407e-05
5.11631538592e-05
5.11510376679e-05
5.1110211567e-05
5.109655633e-05
5.10761077164e-05
5.10664641207e-05
5.10549442651e-05
5.1017301007e-05
5.09836110214e-05
5.0977608364e-05
5.09368957707e-05
5.09109562186e-05
5.08944973469e-05
5.08762594438e-05
5.08390741384e-05
5.08196866585e-05
5.08116366912e-05
5.07908198658e-05
5.07854990605e-05
5.07451206367e-05
5.07065448716e-05
5.06966886053e-05
5.06775093453e-05
5.06470922258e-05
5.06261862884e-05
5.06029193657e-05
5.05888415269e-05
5.05360342146e-05
5.05294974406e-05
5.04905510323e-05
5.04717662753e-05
5.0446297086e-05
5.04409744763e-05
5.04319879242e-05
5.04103338423e-05
5.03983118845e-05
5.03563080156e-05
5.03300856875e-05
5.03172481402e-05
5.02856414571e-05
5.02727879556e-05
5.02682966413e-05
5.02463304392e-05
5.02276772506e-05
5.02009571011e-05
5.0183992437e-05
5.01596941645e-05
5.01495658565e-05
5.01286112909e-05
5.00880656977e-05
5.00629875308e-05
5.0041154982e-05
5.00300398304e-05
5.00064427681e-05
4.99663375986e-05
4.99610571945e-05
4.99444015275e-05
4.9922658131e-05
4.98804080672e-05
4.98593355968e-05
4.98353582007e-05
4.98261118579e-05
4.97945030308e-05
4.97779570138e-05
4.97646977877e-05
4.97270511849e-05
4.97221376542e-05
4.97107903955e-05
4.96812850703e-05
4.96506394256e-05
4.96419377177e-05
4.96291096465e-05
4.96039140502e-05
4.95875066113e-05
4.95666028573e-05
4.95287170579e-05
4.95159372021e-05
4.94930765718e-05
4.94712750092e-05
4.94507587523e-05
4.94381013588e-05
4.93977515728e-05
4.93925778796e-05
4.93444127856e-05
4.93381266723e-05
4.93283726906e-05
4.93054470934e-05
4.92970638743e-05
4.92636452652e-05
4.92537852674e-05
4.9244645301e-05
4.92126799403e-05
4.92034958045e-05
4.91748688936e-05
4.91494266542e-05
4.91354154384e-05
4.9127147497e-05
4.90795822612e-05
4.90567651759e-05
4.90479148565e-05
4.90375043045e-05
4.90049150991e-05
4.89863932408e-05
4.89570289877e-05
4.89486436379e-05
4.89102447103e-05
4.88808467704e-05
4.88525196681e-05
4.88254840747e-05
4.88186503966e-05
4.87908348778e-05
4.87733668555e-05
4.87610703743e-05
4.87463761051e-05
4.87051829515e-05
4.86988356241e-05
4.86706494034e-05
4.86651126625e-05
4.86400259872e-05
4.8612976158e-05
4.85890601658e-05
4.85773169955e-05
4.85590251948e-05
4.85354151431e-05
4.85243735813e-05
4.84777908491e-05
4.84710663524e-05
4.84612083402e-05
4.84375156289e-05
4.84317399901e-05
4.84245520256e-05
4.83825507177e-05
4.83582043727e-05
4.83406980131e-05
4.83306607238e-05
4.82858811604e-05
4.82686063252e-05
4.82641900159e-05
4.82366153418e-05
4.82245207871e-05
4.8188378098e-05
4.81792728916e-05
4.81585709002e-05
4.81356936678e-05
4.81179094654e-05
4.81021689477e-05
4.80790102669e-05
4.80559913596e-05
4.80195480891e-05
4.80078683683e-05
4.79764756692e-05
4.79640890111e-05
4.79501013305e-05
4.79469413421e-05
4.79231903103e-05
4.79019723359e-05
4.78892533523e-05
4.7870313924e-05
4.78333571037e-05
4.78319303224e-05
4.78141065773e-05
4.77742402292e-05
4.77684611972e-05
4.77329103894e-05
4.77166924359e-05
4.76858103994e-05
4.76689979351e-05
4.76568857505e-05
4.76460178864e-05
4.76044574923e-05
4.75861167237e-05
4.7565695715e-05
4.75646317565e-05
4.75441296521e-05
4.7512289248e-05
4.75056505031e-05
4.74839497237e-05
4.7445836255e-05
4.74203850174e-05
4.74067831216e-05
4.73910973504e-05
4.73770851725e-05
4.73694192815e-05
4.73452559579e-05
4.7332053683e-05
4.72964869467e-05
4.72893480411e-05
4.72612228075e-05
4.72417595314e-05
4.72241213079e-05
4.72112544487e-05
4.71833120699e-05
4.71626895103e-05
4.71337065058e-05
4.71195456614e-05
4.70870521774e-05
4.70662293224e-05
4.70532424741e-05
4.70372639059e-05
4.70169225702e-05
4.70017711122e-05
4.69983542902e-05
4.69778467152e-05
4.69342061228e-05
4.69178167185e-05
4.69025342911e-05
4.68762189881e-05
4.68534474629e-05
4.68320745644e-05
4.68106095509e-05
4.68001202666e-05
4.67738914924e-05
4.67585837841e-05
4.67467472726e-05
4.671593701e-05
4.67058991822e-05
4.66983265109e-05
4.66668138819e-05
4.66539073146e-05
4.663548202e-05
4.66164072414e-05
4.65990125409e-05
4.65680029239e-05
4.65295001193e-05
4.65083447661e-05
4.65045832635e-05
4.64917285326e-05
4.64804200386e-05
4.6451056696e-05
4.64376228302e-05
4.64317210165e-05
4.64125620832e-05
4.63888366961e-05
4.63724274592e-05
4.6360194281e-05
4.63181811488e-05
4.63005230312e-05
4.62828852602e-05
4.62571801064e-05
4.62251515381e-05
4.62189145188e-05
4.62029238516e-05
4.61883010605e-05
4.61648273296e-05
4.61608269616e-05
4.61286665774e-05
4.61122376411e-05
4.60890463914e-05
4.60713689814e-05
4.60502402136e-05
4.60272441431e-05
4.60072340054e-05
4.59973106065e-05
4.59797818616e-05
4.59643345847e-05
4.59393923297e-05
4.59362346234e-05
4.5909565245e-05
4.58921468822e-05
4.58653335201e-05
4.58550119195e-05
4.58408348286e-05
4.58395472286e-05
4.58036663956e-05
4.5781505301e-05
4.57637932643e-05
4.57365410297e-05
4.57290827055e-05
4.57084719462e-05
4.56806406345e-05
4.5655400545e-05
4.56386709074e-05
4.56354283858e-05
4.56151571928e-05
4.55892466286e-05
4.55672009874e-05
4.55476351793e-05
4.55121046086e-05
4.54947335273e-05
4.54808295999e-05
4.54698787743e-05
4.54680866786e-05
4.54524031544e-05
4.54288452902e-05
4.54031489917e-05
4.53703424551e-05
4.53589465678e-05
4.53462902035e-05
4.53282203568e-05
4.53020204572e-05
4.52755062304e-05
4.52348181446e-05
4.52204553098e-05
4.52109569434e-05
4.51938642774e-05
4.51810569415e-05
4.51500119702e-05
4.51332562241e-05
4.51282016621e-05
4.51061730457e-05
4.50897444796e-05
4.50702530165e-05
4.50541657471e-05
4.50270423416e-05
4.50082730951e-05
4.49850808862e-05
4.49720254214e-05
4.49341702839e-05
4.49221383768e-05
4.48995959671e-05
4.48947856033e-05
4.48869445914e-05
4.48673282532e-05
4.48372519505e-05
4.48098076938e-05
4.4806629661e-05
4.47759705474e-05
4.47479623695e-05
4.47228044534e-05
4.47117685102e-05
4.47037330248e-05
4.46785908955e-05
4.46609753707e-05
4.46484463218e-05
4.4632106546e-05
4.46009673171e-05
4.45887253012e-05
4.45600457102e-05
4.45375413111e-05
4.45331373538e-05
4.45236069399e-05
4.45143325472e-05
4.44925258941e-05
4.44804371528e-05
4.44489996107e-05
4.4443381579e-05
4.44194146356e-05
4.44086978666e-05
4.43806838049e-05
4.43634426472e-05
4.43440935512e-05
4.43369637618e-05
4.43038721206e-05
4.42930872334e-05
4.42888525012e-05
4.42679825471e-05
4.42368483649e-05
4.42283799614e-05
4.42059155124e-05
4.41839003567e-05
4.41700786012e-05
4.41658323793e-05
4.41415860379e-05
4.41196183911e-05
4.41170057987e-05
4.41041684852e-05
4.40676105356e-05
4.40473466468e-05
4.40383980774e-05
4.40112065274e-05
4.39955925902e-05
4.39647974923e-05
4.39507783752e-05
4.39248370895e-05
4.39146092255e-05
4.38903821101e-05
4.38717566136e-05
4.38510831641e-05
4.38350682189e-05
4.38199356939e-05
4.38100417913e-05
4.37791875811e-05
4.37565488219e-05
4.37423920044e-05
4.37030975852e-05
4.36905775428e-05
4.36846165075e-05
4.36479252691e-05
4.36439560022e-05
4.36269200492e-05
4.36192561039e-05
4.36078458403e-05
4.35819908949e-05
4.35590227844e-05
4.3529787226e-05
4.35135415625e-05
4.3507530191e-05
4.34836652108e-05
4.34682397369e-05
4.34432984301e-05
4.3429032014e-05
4.34155655852e-05
4.33858927288e-05
4.33720361383e-05
4.33562653945e-05
4.33448872922e-05
4.33434667893e-05
4.33231079983e-05
4.32835586444e-05
4.32533860182e-05
4.32445807717e-05
4.3219523878e-05
4.31931908761e-05
4.31859504365e-05
4.31813656488e-05
4.31472097494e-05
4.31326112974e-05
4.31142897015e-05
4.30950411009e-05
4.30831278879e-05
4.30699157386e-05
4.30657414659e-05
4.30518007948e-05
4.30273605002e-05
4.29920992808e-05
4.29845792509e-05
4.29626672737e-05
4.29558884615e-05
4.29409608742e-05
4.29303730473e-05
4.29034381557e-05
4.28922009969e-05
4.28607920325e-05
4.28308279304e-05
4.28197135387e-05
4.28009066117e-05
4.2771315973e-05
4.27630221341e-05
4.273553363e-05
4.27090694392e-05
4.2692374406e-05
4.26745178474e-05
4.26590234058e-05
4.26420491108e-05
4.26192462037e-05
4.2603257661e-05
4.25737570996e-05
4.25636631962e-05
4.25538996641e-05
4.25488903067e-05
4.25036967488e-05
4.24855350635e-05
4.24809893791e-05
4.24515448748e-05
4.24494308657e-05
4.24259811079e-05
4.24163515818e-05
4.23978128599e-05
4.2374791689e-05
4.23372205743e-05
4.23200632057e-05
4.23158759264e-05
4.22965334139e-05
4.22832819153e-05
4.22653447211e-05
4.22514922553e-05
4.2236476884e-05
4.22241091502e-05
4.2205642751e-05
4.21732504197e-05
4.21434945625e-05
4.21347684502e-05
4.21182631614e-05
4.21019451427e-05
4.20891839736e-05
4.20682719149e-05
4.20583810023e-05
4.20439313608e-05
4.20331272657e-05
4.20036900839e-05
4.20020103905e-05
4.19890713241e-05
4.19686314345e-05
4.19584312368e-05
4.19260580393e-05
4.19182889442e-05
4.18722408822e-05
4.18643330002e-05
4.18533353403e-05
4.1848265411e-05
4.181071619e-05
4.17946811651e-05
4.17858845277e-05
4.17590345712e-05
4.17355790453e-05
4.17207887304e-05
4.16937044881e-05
4.16879242862e-05
4.16787849147e-05
4.16403612081e-05
4.16305760852e-05
4.15929214651e-05
4.15899805896e-05
4.15705036862e-05
4.15332509153e-05
4.15192753541e-05
4.14997720216e-05
4.14908277325e-05
4.14714067458e-05
4.1466247883e-05
4.14439490248e-05
4.14329183234e-05
4.14150903957e-05
4.13944901472e-05
4.13748725523e-05
4.1362042656e-05
4.13532046647e-05
4.13375146918e-05
4.13074418141e-05
4.1301854029e-05
4.12648682676e-05
4.12488677277e-05
4.12282539306e-05
4.11955312682e-05
4.11731776228e-05
4.11626706783e-05
4.1153948028e-05
4.11302564881e-05
4.11096171703e-05
4.11046846327e-05
4.10802897728e-05
4.10741359387e-05
4.10646462159e-05
4.10614553081e-05
4.10210410701e-05
4.10164824648e-05
4.09917548845e-05
4.09731917833e-05
4.09529345139e-05
4.0923807155e-05
4.09058655848e-05
4.09009801965e-05
4.0883477175e-05
4.08537005221e-05
4.08366891615e-05
4.08130712879e-05
4.07953317623e-05
4.07702905894e-05
4.07505420598e-05
4.07461143268e-05
4.07154393634e-05
4.07009235832e-05
4.06751192943e-05
4.06643867182e-05
4.06474904597e-05
4.06363245926e-05
4.06085790894e-05
4.05928897315e-05
4.05744761841e-05
4.05530725734e-05
4.05371788978e-05
4.05160898748e-05
4.04972323697e-05
4.04876634829e-05
4.04684096386e-05
4.04509920804e-05
4.04414867751e-05
4.04265252997e-05
4.03934533635e-05
4.03836110106e-05
4.03803049657e-05
4.03634193697e-05
4.03246431816e-05
4.03130281229e-05
4.03053392172e-05
4.02856886643e-05
4.02563034081e-05
4.02514863294e-05
4.02255964257e-05
4.02095574772e-05
4.01839036516e-05
4.01600579925e-05
4.01514530172e-05
4.01425069562e-05
4.01220067871e-05
4.01015506393e-05
4.00860711521e-05
4.00683198358e-05
4.00498224545e-05
4.0044564791e-05
4.00071456273e-05
4.00002586617e-05
3.9991002128e-05
3.99628823838e-05
3.99378623401e-05
3.99182447544e-05
3.99025531901e-05
3.9895783183e-05
3.98675734767e-05
3.9832519321e-05
3.98226550704e-05
3.98011561526e-05
3.97902909881e-05
3.97707947268e-05
3.97654638261e-05
3.9753863789e-05
3.97403606492e-05
3.97103714609e-05
3.96945031475e-05
3.9689767148e-05
3.9638039732e-05
3.96210866773e-05
3.95977534947e-05
3.95802672451e-05
3.95648904459e-05
3.9544768348e-05
3.95278806376e-05
3.95187066542e-05
3.94898946497e-05
3.94832014809e-05
3.94802056925e-05
3.94424728084e-05
3.94358566295e-05
3.94166884523e-05
3.94036167526e-05
3.93867410762e-05
3.93669404449e-05
3.93524170297e-05
3.93097782671e-05
3.92963065009e-05
3.92904963059e-05
3.92682361188e-05
3.9241812062e-05
3.92198196395e-05
3.92016572531e-05
3.91965422839e-05
3.91641550635e-05
3.91429162947e-05
3.91333404381e-05
3.91075681338e-05
3.90886368143e-05
3.90698126018e-05
3.90591850534e-05
3.90412368195e-05
3.90266193446e-05
3.90177736407e-05
3.90024518072e-05
3.89701361795e-05
3.89583877968e-05
3.89394876357e-05
3.89205044095e-05
3.89036204228e-05
3.88725417212e-05
3.88693971228e-05
3.88557681847e-05
3.88388086127e-05
3.87994100484e-05
3.87938739316e-05
3.87793749567e-05
3.87569696963e-05
3.87407332196e-05
3.87251922263e-05
3.87068814894e-05
3.86999740592e-05
3.86884253006e-05
3.86641157194e-05
3.86353032006e-05
3.8623553951e-05
3.86128597033e-05
3.85973889717e-05
3.85830071972e-05
3.85625092097e-05
3.85399150439e-05
3.85162772268e-05
3.85075838525e-05
3.8486051438e-05
3.84671111746e-05
3.84562641318e-05
3.84446988203e-05
3.84217514986e-05
3.83978734374e-05
3.8362321481e-05
3.83526097549e-05
3.83341667448e-05
3.8307947562e-05
3.8290029833e-05
3.82867678839e-05
3.82585316694e-05
3.82439314015e-05
3.82334251513e-05
3.82149084439e-05
3.82087992874e-05
3.81784052417e-05
3.81573915774e-05
3.81334943104e-05
3.81024294422e-05
3.80865079148e-05
3.8070870753e-05
3.80627788479e-05
3.80472074216e-05
3.80165282667e-05
3.79982861497e-05
3.79861410073e-05
3.79661614663e-05
3.7928586348e-05
3.79128950698e-05
3.79023525531e-05
3.78798559676e-05
3.7872401385e-05
3.78503356861e-05
3.78323547023e-05
3.78031236676e-05
3.77833111173e-05
3.77579386493e-05
3.77366632246e-05
3.77206790294e-05
3.77088236085e-05
3.76909998003e-05
3.76769148502e-05
3.76618780325e-05
3.76515004314e-05
3.76361638197e-05
3.75994922165e-05
3.7586676971e-05
3.75719530188e-05
3.75613558761e-05
3.75349236468e-05
3.74949847276e-05
3.74807171762e-05
3.74566487664e-05
3.74468964561e-05
3.74320810494e-05
3.73992179689e-05
3.73843018312e-05
3.73747014372e-05
3.73552178055e-05
3.73402357704e-05
3.73250211756e-05
3.73189582208e-05
3.72779996168e-05
3.72731585606e-05
3.72621719676e-05
3.72065217178e-05
3.71994602724e-05
3.71802017665e-05
3.71603786226e-05
3.71331058037e-05
3.71288373889e-05
3.71021003119e-05
3.7087929244e-05
3.7068628423e-05
3.70339762978e-05
3.70262870373e-05
3.70028557426e-05
3.69848784937e-05
3.69790048529e-05
3.69598070581e-05
3.69400117135e-05
3.69222797127e-05
3.6901190765e-05
3.68925899754e-05
3.68699993967e-05
3.68358848173e-05
3.68187023055e-05
3.68066493927e-05
3.67810223536e-05
3.67674658386e-05
3.67411411179e-05
3.67306490519e-05
3.67165492861e-05
3.66979072302e-05
3.66698982589e-05
3.66514631147e-05
3.66360543252e-05
3.6627757806e-05
3.66250798243e-05
3.65800066628e-05
3.65628745476e-05
3.65511737036e-05
3.6527159109e-05
3.64891377059e-05
3.64709438331e-05
3.64431377945e-05
3.64309030572e-05
3.64011928519e-05
3.63844450946e-05
3.63717177387e-05
3.63591236344e-05
3.63467055809e-05
3.6318917344e-05
3.63038819584e-05
3.62899458152e-05
3.62629449145e-05
3.62322109382e-05
3.61868691459e-05
3.61721931847e-05
3.61674709061e-05
3.61431239641e-05
3.60926778373e-05
3.60830511013e-05
3.60725269557e-05
3.60607135771e-05
3.60372562865e-05
3.60285759778e-05
3.60000014817e-05
3.59733081312e-05
3.59614746802e-05
3.59496502462e-05
3.59359313293e-05
3.59272480751e-05
3.59166854422e-05
3.58848507883e-05
3.58462612028e-05
3.58275685113e-05
3.57799764941e-05
3.57797730839e-05
3.57687285273e-05
3.57430995046e-05
3.57224621363e-05
3.57146333154e-05
3.57006226565e-05
3.56632032962e-05
3.56352180851e-05
3.56093265993e-05
3.55823627978e-05
3.55689657956e-05
3.55569360906e-05
3.55366416524e-05
3.55230805092e-05
3.55104699463e-05
3.54862891979e-05
3.54585701592e-05
3.54572894094e-05
3.54373059991e-05
3.54149364865e-05
3.54108894869e-05
3.53835798858e-05
3.53799355973e-05
3.53551939679e-05
3.5332751893e-05
3.529759822e-05
3.52660499635e-05
3.52609708974e-05
3.52423031179e-05
3.52329377097e-05
3.51956544505e-05
3.51806088982e-05
3.51677118075e-05
3.51375283229e-05
3.51190856061e-05
3.5106798062e-05
3.50957778758e-05
3.50604121346e-05
3.50506026034e-05
3.50243716103e-05
3.49836683374e-05
3.49774884167e-05
3.49456270265e-05
3.49272093389e-05
3.4898917709e-05
3.48789833935e-05
3.48587122456e-05
3.48332945139e-05
3.48233990744e-05
3.48055130468e-05
3.47905809117e-05
3.47760021232e-05
3.4761236445e-05
3.472814421e-05
3.46823434367e-05
3.46738016277e-05
3.46424775167e-05
3.46378581561e-05
3.46228436299e-05
3.45918496285e-05
3.45661938726e-05
3.45430906686e-05
3.45092183842e-05
3.44980920274e-05
3.4480068185e-05
3.44788428808e-05
3.44302706526e-05
3.44287689025e-05
3.43934609107e-05
3.43782653154e-05
3.43251782939e-05
3.43132152204e-05
3.43020375837e-05
3.42717168665e-05
3.42525515218e-05
3.42474353145e-05
3.42335460177e-05
3.41956870952e-05
3.41600886245e-05
3.41436155364e-05
3.41227594314e-05
3.40880789042e-05
3.40770262599e-05
3.4060222944e-05
3.40411599216e-05
3.40325464935e-05
3.40113540648e-05
3.40008142835e-05
3.39716580034e-05
3.39466142999e-05
3.39142689876e-05
3.38726535554e-05
3.38676844005e-05
3.38506590653e-05
3.38414504122e-05
3.38302086196e-05
3.37954234929e-05
3.37623662359e-05
3.37359704886e-05
3.37191267224e-05
3.37038530902e-05
3.36892651828e-05
3.36584782852e-05
3.3634774831e-05
3.36073174111e-05
3.35866327547e-05
3.35563723727e-05
3.35206871618e-05
3.34894957318e-05
3.34653902013e-05
3.34376698318e-05
3.34247389645e-05
3.34159323266e-05
3.33775692034e-05
3.33664682246e-05
3.33453052792e-05
3.33215487545e-05
3.33177172578e-05
3.33028340211e-05
3.32453225308e-05
3.31979861985e-05
3.31908485263e-05
3.31538898476e-05
3.31469997271e-05
3.31354634955e-05
3.31046289476e-05
3.30549063976e-05
3.30362828138e-05
3.30133764442e-05
3.30036876548e-05
3.29878393649e-05
3.29650590448e-05
3.29347920362e-05
3.29067202098e-05
3.28711426789e-05
3.2859703936e-05
3.28319596062e-05
3.28174036476e-05
3.27758847534e-05
3.27514880933e-05
3.27497235503e-05
3.27151118239e-05
3.26883646809e-05
3.26844254666e-05
3.26375952663e-05
3.26317660149e-05
3.25983120692e-05
3.25811791771e-05
3.25513119824e-05
3.25296394413e-05
3.24698417254e-05
3.24595427328e-05
3.24158237911e-05
3.24026068218e-05
3.23833860987e-05
3.23666046806e-05
3.23447469171e-05
3.23210003459e-05
3.23080466607e-05
3.22755545712e-05
3.22483868284e-05
3.22134831084e-05
3.21881345734e-05
3.21725093684e-05
3.21329493673e-05
3.21201524378e-05
3.2080125326e-05
3.20568784658e-05
3.20225673001e-05
3.19982069441e-05
3.19724450957e-05
3.19496142963e-05
3.19078608819e-05
3.18818698991e-05
3.18340713905e-05
3.18243405527e-05
3.18122844888e-05
3.17980571539e-05
3.17649944699e-05
3.17482419793e-05
3.16917322668e-05
3.16575881109e-05
3.1632759624e-05
3.16160357092e-05
3.15706540931e-05
3.15612947318e-05
3.15132390467e-05
3.14999095661e-05
3.14674956741e-05
3.14475955084e-05
3.14380307889e-05
3.13920330874e-05
3.13592735127e-05
3.13461873216e-05
3.12955443593e-05
3.12721852395e-05
3.12442570251e-05
3.12188235895e-05
3.12081167183e-05
3.11655514734e-05
3.11242490857e-05
3.11025628343e-05
3.10611660286e-05
3.10451726203e-05
3.10270215344e-05
3.10015785882e-05
3.0981562848e-05
3.09323802247e-05
3.08688567939e-05
3.08600363781e-05
3.08486794962e-05
3.07967313575e-05
3.07586381822e-05
3.07451002428e-05
3.07261810655e-05
3.0695945669e-05
3.06571313927e-05
3.06116479923e-05
3.0587591493e-05
3.05554259751e-05
3.0547087812e-05
3.05045439302e-05
3.04475870595e-05
3.04363160334e-05
3.03931967586e-05
3.03714492288e-05
3.03311952984e-05
3.02990595873e-05
3.02642462861e-05
3.02511438944e-05
3.02127775778e-05
3.01883004137e-05
3.01703309239e-05
3.01219889754e-05
3.01199903399e-05
3.00675424343e-05
3.00374996772e-05
3.0016222198e-05
2.99899494646e-05
2.99399487413e-05
2.99064180732e-05
2.98942188851e-05
2.9847345622e-05
2.97925789433e-05
2.97710448916e-05
2.97531587143e-05
2.97238746476e-05
2.96633291869e-05
2.96579321444e-05
2.96109401565e-05
2.95840986186e-05
2.95321653757e-05
2.95129427363e-05
2.95035382109e-05
2.94607712686e-05
2.942277402e-05
2.93740529311e-05
2.93450549563e-05
2.93200745868e-05
2.92609013701e-05
2.92401789979e-05
2.921156219e-05
2.91826520723e-05
2.91733269308e-05
2.911945948e-05
2.91072106742e-05
2.90514399513e-05
2.9019595718e-05
2.89864625389e-05
2.89674235701e-05
2.89147151858e-05
2.88654505162e-05
2.8835730783e-05
2.87994328532e-05
2.87721843006e-05
2.87378079318e-05
2.86773054307e-05
2.86401431915e-05
2.86080369095e-05
2.85802642885e-05
2.8546582206e-05
2.84916473985e-05
2.84719455487e-05
2.84273010364e-05
2.8389006142e-05
2.83578314439e-05
2.83296433942e-05
2.82728758851e-05
2.82181963882e-05
2.82094481956e-05
2.8191799686e-05
2.81460981961e-05
2.81020242586e-05
2.80601377992e-05
2.80408750831e-05
2.80101918197e-05
2.79950739063e-05
2.79308253173e-05
2.78716136493e-05
2.78218732928e-05
2.78040188908e-05
2.77647952377e-05
2.77500096927e-05
2.77245334563e-05
2.76892630893e-05
2.7678125132e-05
2.76395707061e-05
2.75728899095e-05
2.7539119459e-05
2.7482530098e-05
2.74597966139e-05
2.74365114895e-05
2.73903962726e-05
2.73198795417e-05
2.72667640531e-05
2.72377431539e-05
2.72016395792e-05
2.71416372135e-05
2.71183639166e-05
2.70881500877e-05
2.70705619423e-05
2.70212668964e-05
2.69884577458e-05
2.69412521378e-05
2.69032534454e-05
2.68895937695e-05
2.68228427824e-05
2.67922617631e-05
2.67346801411e-05
2.67062734672e-05
2.66767903287e-05
2.66425319538e-05
2.66078236299e-05
2.65722444435e-05
2.6538938616e-05
2.64979093652e-05
2.64752185183e-05
2.64440069481e-05
2.63646396909e-05
2.63133529618e-05
2.63100421397e-05
2.61875948836e-05
2.61688527024e-05
2.61288884389e-05
2.60907728825e-05
2.60748927593e-05
2.6016681488e-05
2.59571440344e-05
2.58922417056e-05
2.58473620502e-05
2.58120417437e-05
2.57139932498e-05
2.56953383326e-05
2.56379876331e-05
2.56258948997e-05
2.55614275242e-05
2.55342535888e-05
2.5499098018e-05
2.54497253511e-05
2.53806705257e-05
2.53683967852e-05
2.53215531511e-05
2.528182779e-05
2.52433676639e-05
2.51689783155e-05
2.51215654513e-05
2.5075023512e-05
2.50479153239e-05
2.50322597617e-05
2.49790810023e-05
2.4884843685e-05
2.48397231376e-05
2.47999440511e-05
2.4794105462e-05
2.46816942888e-05
2.4651016385e-05
2.45721036405e-05
2.45458851437e-05
2.44856357799e-05
2.44686477122e-05
2.44091744995e-05
2.43794227111e-05
2.433199637e-05
2.42887010657e-05
2.42611387763e-05
2.42114329553e-05
2.41321477004e-05
2.41139278319e-05
2.40992578348e-05
2.40514915496e-05
2.3993089389e-05
2.39269886986e-05
2.3885399478e-05
2.38455777967e-05
2.3777806687e-05
2.37307745609e-05
2.36874975102e-05
2.35897567469e-05
2.35532591224e-05
2.35317399279e-05
2.34974143119e-05
2.34591653751e-05
2.33849328366e-05
2.33747683671e-05
2.32719594431e-05
2.32458133845e-05
2.31939231521e-05
2.31186727116e-05
2.30962267608e-05
2.30491894271e-05
2.3014117759e-05
2.30058068162e-05
2.28987089451e-05
2.28535928605e-05
2.28148297954e-05
2.27982953709e-05
2.27675311801e-05
2.27186343503e-05
2.26374118054e-05
2.26123335128e-05
2.25176697565e-05
2.24994119456e-05
2.24760604803e-05
2.24213126237e-05
2.2387815476e-05
2.23225497598e-05
2.22685024232e-05
2.22220406845e-05
2.21918477162e-05
2.21201975907e-05
2.2055561131e-05
2.20418270334e-05
2.19763571106e-05
2.19313118087e-05
2.19051304716e-05
2.17856738795e-05
2.17682364762e-05
2.17541339529e-05
2.17085248743e-05
2.1640068199e-05
2.15204152806e-05
2.1479377731e-05
2.14099511581e-05
2.13431313845e-05
2.13132071287e-05
2.12888635647e-05
2.12505898889e-05
2.11795263315e-05
2.11534460166e-05
2.11124012088e-05
2.10604499202e-05
2.09960978559e-05
2.09526807777e-05
2.09431592892e-05
2.08648065733e-05
2.07882334939e-05
2.07684552321e-05
2.0739965699e-05
2.06578270467e-05
2.05918591263e-05
2.05599221985e-05
2.04989998902e-05
2.04141389771e-05
2.03593301557e-05
2.03359430742e-05
2.03043594031e-05
2.0296420019e-05
2.02739734102e-05
2.01863854438e-05
2.01555012268e-05
2.00268488054e-05
2.00167801487e-05
1.99732964173e-05
1.99097402269e-05
1.98921336001e-05
1.98211754397e-05
1.97707441966e-05
1.97023111276e-05
1.96373789335e-05
1.95937206276e-05
1.95443563407e-05
1.94804141433e-05
1.94401688085e-05
1.94171829726e-05
1.93261396445e-05
1.93081669184e-05
1.92480766684e-05
1.92067616855e-05
1.91410369322e-05
1.91239874771e-05
1.90419217017e-05
1.90068757509e-05
1.89222348362e-05
1.88713771678e-05
1.88142477242e-05
1.87898278979e-05
1.87625266403e-05
1.87269863639e-05
1.86611918337e-05
1.86522186269e-05
1.85907164056e-05
1.854331975e-05
1.85109616723e-05
1.84791861094e-05
1.84227978926e-05
1.83563604462e-05
1.83151137432e-05
1.82545806158e-05
1.82157635095e-05
1.82002466945e-05
1.81398506353e-05
1.81076873828e-05
1.80989119539e-05
1.80213579547e-05
1.79546401182e-05
1.79353154529e-05
1.78873807903e-05
1.78410145908e-05
1.78213856575e-05
1.77873214435e-05
1.77223665306e-05
1.76898766517e-05
1.76824626467e-05
1.76340624095e-05
1.75471148828e-05
1.75375064563e-05
1.74760619257e-05
1.74445439262e-05
1.73483014808e-05
1.73105319052e-05
1.72740365542e-05
1.71951382363e-05
1.71814435654e-05
1.71233587421e-05
1.7061868418e-05
1.70298599102e-05
1.69391870898e-05
1.69215118459e-05
1.68615756435e-05
1.68344403338e-05
1.68103300438e-05
1.67583318286e-05
1.67276075803e-05
1.66874353707e-05
1.66594103948e-05
1.66123291754e-05
1.66052406986e-05
1.65305925396e-05
1.6482341637e-05
1.64324708789e-05
1.64205720769e-05
1.63470749613e-05
1.62970364321e-05
1.62601331837e-05
1.6247204225e-05
1.61855576202e-05
1.61303679788e-05
1.60823067557e-05
1.60375510779e-05
1.60115418484e-05
1.594761179e-05
1.59288607561e-05
1.58990852076e-05
1.58477435616e-05
1.58051715072e-05
1.57790520082e-05
1.57281492341e-05
1.56986163355e-05
1.56331088434e-05
1.56299025239e-05
1.56220531339e-05
1.55862172921e-05
1.54981006489e-05
1.54569768695e-05
1.54380338247e-05
1.54069301285e-05
1.53771355731e-05
1.53687399221e-05
1.53308005956e-05
1.52817252932e-05
1.52053588821e-05
1.51688662851e-05
1.5111769527e-05
1.50824271619e-05
1.50622802882e-05
1.5028079313e-05
1.4980168833e-05
1.49273007989e-05
1.49019033812e-05
1.48917501918e-05
1.48252633001e-05
1.48220316073e-05
1.4792046463e-05
1.47497968489e-05
1.47157415445e-05
1.47106437068e-05
1.46587999324e-05
1.45952305702e-05
1.45705175203e-05
1.45342633322e-05
1.45046199157e-05
1.447123399e-05
1.44364324927e-05
1.44124802125e-05
1.43704348191e-05
1.43100323223e-05
1.43085237517e-05
1.42745478669e-05
1.42574935019e-05
1.41826459741e-05
1.41784213301e-05
1.41640330521e-05
1.40986403849e-05
1.40630951814e-05
1.40267813223e-05
1.39581438539e-05
1.39289368015e-05
1.38826344782e-05
1.38709754496e-05
1.38307593191e-05
1.38202073684e-05
1.3787570724e-05
1.37813228539e-05
1.37028094068e-05
1.36869359965e-05
1.3656015976e-05
1.36306418252e-05
1.35980624141e-05
1.35951967711e-05
1.35733256301e-05
1.35351830729e-05
1.34814613417e-05
1.34691703023e-05
1.34569324509e-05
1.34339808657e-05
1.34078990824e-05
1.33463963124e-05
1.33324084232e-05
1.33239289359e-05
1.32771131779e-05
1.32482000098e-05
1.32034412872e-05
1.31836821214e-05
1.31461083092e-05
1.31065006163e-05
1.30664660863e-05
1.30423342431e-05
1.30355612496e-05
1.30209663851e-05
1.29872467643e-05
1.29625427778e-05
1.29108703195e-05
1.28902830151e-05
1.28801604642e-05
1.28640143975e-05
1.28380955921e-05
1.28315179249e-05
1.27752390391e-05
1.27373966576e-05
1.27304404721e-05
1.26648836532e-05
1.26524152588e-05
1.26146756458e-05
1.26049639593e-05
1.25915045172e-05
1.25780843978e-05
1.2559397574e-05
1.25373545014e-05
1.25178065801e-05
1.24961934063e-05
1.24534902704e-05
1.243269291e-05
1.24118493555e-05
1.23857591693e-05
1.23628684365e-05
1.23551569424e-05
1.23170230928e-05
1.22923424863e-05
1.22525074767e-05
1.22175870407e-05
1.2201241182e-05
1.21880161132e-05
1.21745343419e-05
1.21561567675e-05
1.2141715854e-05
1.21086918121e-05
1.20746821275e-05
1.20494735073e-05
1.2013718581e-05
1.20110986769e-05
1.19758318393e-05
1.19416228044e-05
1.19309138795e-05
1.18937732174e-05
1.18829967616e-05
1.18404730965e-05
1.18199255674e-05
1.18118097166e-05
1.17892588292e-05
1.17692210662e-05
1.17448284934e-05
1.17156896425e-05
1.17105960741e-05
1.16853565796e-05
1.16395447513e-05
1.16114965699e-05
1.15950422778e-05
1.15783355075e-05
1.15574143867e-05
1.15403884048e-05
1.15147378316e-05
1.15003561962e-05
1.14797762164e-05
1.14617707711e-05
1.1426019101e-05
1.13924802209e-05
1.13730430702e-05
1.13606679444e-05
1.13315447433e-05
1.1315039214e-05
1.13029486664e-05
1.12836693132e-05
1.12587291688e-05
1.12569096385e-05
1.12227549908e-05
1.12144492627e-05
1.11910839568e-05
1.1164967483e-05
1.11452903391e-05
1.11409386142e-05
1.10953443803e-05
1.1078031034e-05
1.10605008592e-05
1.10399682092e-05
1.10025712597e-05
1.09754446436e-05
1.09623881822e-05
1.09532559744e-05
1.0944537623e-05
1.09257826231e-05
1.09133933661e-05
1.08837591349e-05
1.08627518624e-05
1.08469850445e-05
1.08182991079e-05
1.08139667862e-05
1.07980916138e-05
1.07814093498e-05
1.07564164872e-05
1.07416737807e-05
1.07359839222e-05
1.06791197409e-05
1.06718248658e-05
1.06426084895e-05
1.06354026728e-05
1.0615441857e-05
1.05946104666e-05
1.05722697623e-05
1.05496005866e-05
1.05259939553e-05
1.05069040556e-05
1.04951744215e-05
1.04736390067e-05
1.04500356453e-05
1.04260247132e-05
1.04062928417e-05
1.03845968419e-05
1.03741355792e-05
1.03526424336e-05
1.03472085404e-05
1.03086482575e-05
1.02982115034e-05
1.02868916859e-05
1.02699477254e-05
1.0223515767e-05
1.02110877555e-05
1.01955470532e-05
1.01815630885e-05
1.01672226245e-05
1.01343313538e-05
1.01203804166e-05
1.00949414361e-05
1.00831754185e-05
1.00751358152e-05
1.00592504287e-05
1.00238148853e-05
1.00097296654e-05
9.99544911772e-06
9.9604264299e-06
9.94744099651e-06
9.91924485e-06
9.90579410622e-06
9.89809639246e-06
9.88600896029e-06
9.8628041354e-06
9.85120332592e-06
9.81099580442e-06
9.80264697826e-06
9.78641560682e-06
9.76612130897e-06
9.75848712801e-06
9.72829020038e-06
9.70134743953e-06
9.6734238963e-06
9.6397579933e-06
9.63656452341e-06
9.59495603783e-06
9.58216888628e-06
9.56534167734e-06
9.54674312639e-06
9.53256205953e-06
9.52345423268e-06
9.47516060732e-06
9.46743778197e-06
9.44119458269e-06
9.41490906322e-06
9.39604187593e-06
9.38364795673e-06
9.36635387603e-06
9.330758869e-06
9.31568755688e-06
9.30318431285e-06
9.28845044537e-06
9.24627912521e-06
9.24103635783e-06
9.22710178737e-06
9.20658248867e-06
9.18254873985e-06
9.16066863636e-06
9.14225001158e-06
9.11404074995e-06
9.08294915031e-06
9.05584140869e-06
9.05535795369e-06
9.04342581966e-06
9.02463186974e-06
8.97812989937e-06
8.95702032843e-06
8.9357903615e-06
8.92225566962e-06
8.87599604434e-06
8.84405568151e-06
8.81430973824e-06
8.79388348159e-06
8.77920017173e-06
8.76602781127e-06
8.72755127453e-06
8.71434170663e-06
8.69190633338e-06
8.64245410478e-06
8.62605179238e-06
8.61542097563e-06
8.57360910818e-06
8.49577570417e-06
8.4581537617e-06
8.39513991147e-06
8.29731028814e-06
8.23303017178e-06
7.90320144753e-06
7.54224404014e-06
6.04912732572e-06
4.44916798474e-06
3.95070373392e-06
2.93167475094e-06
2.46771046904e-06
2.0378347429e-06
1.5332339211e-06
1.26170758781e-06
1.06813332684e-06
9.15080239213e-07
6.23616197573e-07
5.56104800447e-07
4.15976686605e-07
2.70639216368e-07
2.45116385974e-07
2.92611419543e-08
2.05311644438e-08
1.96457198444e-08
1.86457621793e-08
1.76937236736e-08
1.63784596985e-08
1.51594073058e-08
1.47451367503e-08
1.40702728051e-08
1.35547294726e-08
1.28466822449e-08
1.23314572785e-08
1.21153283796e-08
1.19191234925e-08
1.1517635577e-08
1.08858177894e-08
1.05311851408e-08
1.04884636728e-08
1.02505830003e-08
9.7353101363e-09
9.42953669019e-09
9.18218631853e-09
9.0608316823e-09
8.8232952714e-09
8.51718177729e-09
8.49436046873e-09
8.04356261127e-09
7.8245894117e-09
7.66744135866e-09
7.50294396191e-09
7.09286822313e-09
7.02177436242e-09
6.81905651522e-09
6.61083252437e-09
6.51597233458e-09
6.3502182175e-09
6.09396148801e-09
5.96451280354e-09
5.78704703697e-09
5.69728656303e-09
5.63976064853e-09
5.42458018905e-09
5.26650659603e-09
5.15839793872e-09
4.89392600821e-09
4.80298041017e-09
4.76320133733e-09
4.67077986997e-09
4.53254489942e-09
4.49295970506e-09
4.27698231602e-09
4.18423147913e-09
4.02199497462e-09
3.94883141316e-09
3.88527556823e-09
3.84440675105e-09
3.67512258135e-09
3.65950922393e-09
3.48228173216e-09
3.33687977133e-09
3.23006904423e-09
3.16680946841e-09
3.04067123078e-09
2.91921959993e-09
2.88575481936e-09
2.81693101373e-09
2.73048171801e-09
2.65801927219e-09
2.56381432959e-09
2.52465271205e-09
2.48652108881e-09
2.37751131415e-09
2.18209023191e-09
2.14063124334e-09
2.11613519587e-09
2.00003717108e-09
1.96877016182e-09
1.90676663394e-09
1.75399578606e-09
1.71641799991e-09